0.000 2.673293e-01
0.001 5.622475e-01
0.002 7.380355e-01
0.003 8.478787e-01
0.004 9.433552e-01
0.005 9.898891e-01
0.006 8.962308e-01
0.007 6.243326e-01
0.008 2.536243e-01
0.009 -7.757738e-02
0.010 -2.905408e-01
0.011 -4.140961e-01
0.012 -5.132611e-01
0.013 -5.853937e-01
0.014 -5.476893e-01
0.015 -3.321367e-01
0.016 2.053188e-02
0.017 3.787573e-01
0.018 6.327781e-01
0.019 7.782490e-01
0.020 8.809907e-01
0.021 9.685636e-01
0.022 9.783177e-01
0.023 8.238562e-01
0.024 5.049399e-01
0.025 1.326884e-01
0.026 -1.622744e-01
0.027 -3.380316e-01
0.028 -4.478789e-01
0.029 -5.433416e-01
0.030 -5.898948e-01
0.031 -4.962238e-01
0.032 -2.243044e-01
0.033 1.464173e-01
0.034 4.776236e-01
0.035 6.905556e-01
0.036 8.140966e-01
0.037 9.132533e-01
0.038 9.854243e-01
0.039 9.476528e-01
0.040 7.321573e-01
0.041 3.794751e-01
0.042 2.124580e-02
0.043 -2.327442e-01
0.044 -3.782420e-01
0.045 -4.809720e-01
0.046 -5.685617e-01
0.047 -5.783037e-01
0.048 -4.238477e-01
0.049 -1.049343e-01
0.050 2.673144e-01
0.051 5.623042e-01
0.052 7.380441e-01
0.053 8.479559e-01
0.054 9.433561e-01
0.055 9.899137e-01
0.056 8.961995e-01
0.057 6.243537e-01
0.058 2.536212e-01
0.059 -7.761831e-02
0.060 -2.904875e-01
0.061 -4.140782e-01
0.062 -5.132627e-01
0.063 -5.853915e-01
0.064 -5.476492e-01
0.065 -3.321433e-01
0.066 2.056885e-02
0.067 3.787877e-01
0.068 6.327946e-01
0.069 7.782586e-01
0.070 8.809923e-01
0.071 9.685876e-01
0.072 9.783184e-01
0.073 8.238444e-01
0.074 5.049382e-01
0.075 1.326829e-01
0.076 -1.622561e-01
0.077 -3.380001e-01
0.078 -4.479108e-01
0.079 -5.433395e-01
0.080 -5.898879e-01
0.081 -4.961912e-01
0.082 -2.242796e-01
0.083 1.464325e-01
0.084 4.776438e-01
0.085 6.905734e-01
0.086 8.141274e-01
0.087 9.132976e-01
0.088 9.854226e-01
0.089 9.476686e-01
0.090 7.321520e-01
0.091 3.794822e-01
0.092 2.124724e-02
0.093 -2.327330e-01
0.094 -3.782097e-01
0.095 -4.809517e-01
0.096 -5.685589e-01
0.097 -5.783092e-01
0.098 -4.238251e-01
0.099 -1.049272e-01
0.100 2.673653e-01
0.101 5.623133e-01
0.102 7.380821e-01
0.103 8.479350e-01
0.104 9.433748e-01
0.105 9.899357e-01
0.106 8.962336e-01
0.107 6.243089e-01
0.108 2.536006e-01
0.109 -7.757226e-02
0.110 -2.904763e-01
0.111 -4.140628e-01
0.112 -5.132304e-01
0.113 -5.853476e-01
0.114 -5.476259e-01
0.115 -3.321254e-01
0.116 2.055915e-02
0.117 3.788062e-01
0.118 6.327989e-01
0.119 7.782724e-01
0.120 8.809983e-01
0.121 9.685930e-01
0.122 9.783689e-01
0.123 8.238581e-01
0.124 5.049766e-01
0.125 1.327116e-01
0.126 -1.622384e-01
0.127 -3.379929e-01
0.128 -4.478528e-01
0.129 -5.433042e-01
0.130 -5.898592e-01
0.131 -4.961657e-01
0.132 -2.242732e-01
0.133 1.464524e-01
0.134 4.776751e-01
0.135 6.905716e-01
0.136 8.141634e-01
0.137 9.133043e-01
0.138 9.854686e-01
0.139 9.477095e-01
0.140 7.321948e-01
0.141 3.795345e-01
0.142 2.130313e-02
0.143 -2.326865e-01
0.144 -3.781680e-01
0.145 -4.808789e-01
0.146 -5.685177e-01
0.147 -5.782296e-01
0.148 -4.237880e-01
0.149 -1.049059e-01
0.150 2.674032e-01
0.151 5.623667e-01
0.152 7.380860e-01
0.153 8.480077e-01
0.154 9.434270e-01
0.155 9.899780e-01
0.156 8.962904e-01
0.157 6.243837e-01
0.158 2.536801e-01
0.159 -7.753387e-02
0.160 -2.904206e-01
0.161 -4.140231e-01
0.162 -5.131715e-01
0.163 -5.853288e-01
0.164 -5.475704e-01
0.165 -3.320442e-01
0.166 2.059870e-02
0.167 3.788460e-01
0.168 6.328486e-01
0.169 7.783562e-01
0.170 8.810462e-01
0.171 9.686546e-01
0.172 9.783866e-01
0.173 8.239242e-01
0.174 5.050482e-01
0.175 1.327626e-01
0.176 -1.622096e-01
0.177 -3.379405e-01
0.178 -4.478249e-01
0.179 -5.432891e-01
0.180 -5.898351e-01
0.181 -4.961618e-01
0.182 -2.242525e-01
0.183 1.464880e-01
0.184 4.777022e-01
0.185 6.905997e-01
0.186 8.141334e-01
0.187 9.133296e-01
0.188 9.854670e-01
0.189 9.477347e-01
0.190 7.322087e-01
0.191 3.795283e-01
0.192 2.130988e-02
0.193 -2.327104e-01
0.194 -3.781750e-01
0.195 -4.809617e-01
0.196 -5.684950e-01
0.197 -5.782726e-01
0.198 -4.238164e-01
0.199 -1.048908e-01
0.200 2.673574e-01
0.201 5.623555e-01
0.202 7.380812e-01
0.203 8.479474e-01
0.204 9.433762e-01
0.205 9.899555e-01
0.206 8.962665e-01
0.207 6.243669e-01
0.208 2.536351e-01
0.209 -7.756709e-02
0.210 -2.904561e-01
0.211 -4.140536e-01
0.212 -5.131938e-01
0.213 -5.853655e-01
0.214 -5.476402e-01
0.215 -3.320897e-01
0.216 2.062025e-02
0.217 3.788227e-01
0.218 6.328410e-01
0.219 7.783217e-01
0.220 8.810299e-01
0.221 9.686437e-01
0.222 9.783830e-01
0.223 8.239120e-01
0.224 5.049950e-01
0.225 1.327430e-01
0.226 -1.622187e-01
0.227 -3.379792e-01
0.228 -4.478601e-01
0.229 -5.433182e-01
0.230 -5.898553e-01
0.231 -4.961791e-01
0.232 -2.242641e-01
0.233 1.464396e-01
0.234 4.776554e-01
0.235 6.905849e-01
0.236 8.141227e-01
0.237 9.133256e-01
0.238 9.854480e-01
0.239 9.477364e-01
0.240 7.321653e-01
0.241 3.795280e-01
0.242 2.127908e-02
0.243 -2.327175e-01
0.244 -3.781866e-01
0.245 -4.808999e-01
0.246 -5.685268e-01
0.247 -5.782533e-01
0.248 -4.237903e-01
0.249 -1.048675e-01
0.250 2.673574e-01
0.251 5.623157e-01
0.252 7.380861e-01
0.253 8.479507e-01
0.254 9.434422e-01
0.255 9.899822e-01
0.256 8.963094e-01
0.257 6.243637e-01
0.258 2.536595e-01
0.259 -7.755865e-02
0.260 -2.904673e-01
0.261 -4.140369e-01
0.262 -5.132197e-01
0.263 -5.853483e-01
0.264 -5.475893e-01
0.265 -3.320804e-01
0.266 2.058237e-02
0.267 3.788215e-01
0.268 6.328289e-01
0.269 7.783184e-01
0.270 8.810054e-01
0.271 9.686385e-01
0.272 9.783834e-01
0.273 8.239043e-01
0.274 5.050076e-01
0.275 1.327431e-01
0.276 -1.621967e-01
0.277 -3.379642e-01
0.278 -4.478525e-01
0.279 -5.432872e-01
0.280 -5.898322e-01
0.281 -4.961818e-01
0.282 -2.242516e-01
0.283 1.464657e-01
0.284 4.776906e-01
0.285 6.906104e-01
0.286 8.141687e-01
0.287 9.133056e-01
0.288 9.854487e-01
0.289 9.477372e-01
0.290 7.322075e-01
0.291 3.795431e-01
0.292 2.128030e-02
0.293 -2.327019e-01
0.294 -3.781665e-01
0.295 -4.809018e-01
0.296 -5.685354e-01
0.297 -5.782601e-01
0.298 -4.237907e-01
0.299 -1.048536e-01
0.300 2.674077e-01
0.301 5.623247e-01
0.302 7.380943e-01
0.303 8.479737e-01
0.304 9.434253e-01
0.305 9.899532e-01
0.306 8.962763e-01
0.307 6.243656e-01
0.308 2.536098e-01
0.309 -7.757508e-02
0.310 -2.904935e-01
0.311 -4.140470e-01
0.312 -5.131992e-01
0.313 -5.853573e-01
0.314 -5.476156e-01
0.315 -3.320636e-01
0.316 2.062167e-02
0.317 3.789156e-01
0.318 6.329144e-01
0.319 7.784436e-01
0.320 8.811942e-01
0.321 9.688527e-01
0.322 9.786540e-01
0.323 8.242264e-01
0.324 5.053498e-01
0.325 1.331295e-01
0.326 -1.617615e-01
0.327 -3.375247e-01
0.328 -4.473591e-01
0.329 -5.427918e-01
0.330 -5.893257e-01
0.331 -4.956873e-01
0.332 -2.237905e-01
0.333 1.469318e-01
0.334 4.781152e-01
0.335 6.909989e-01
0.336 8.145220e-01
0.337 9.136538e-01
0.338 9.857311e-01
0.339 9.479570e-01
0.340 7.323799e-01
0.341 3.796375e-01
0.342 2.139148e-02
0.343 -2.326524e-01
0.344 -3.781760e-01
0.345 -4.809297e-01
0.346 -5.685745e-01
0.347 -5.783311e-01
0.348 -4.238801e-01
0.349 -1.049831e-01
0.350 2.672457e-01
0.351 5.622192e-01
0.352 7.379834e-01
0.353 8.478481e-01
0.354 9.433032e-01
0.355 9.898659e-01
0.356 8.962154e-01
0.357 6.243027e-01
0.358 2.535587e-01
0.359 -7.757820e-02
0.360 -2.904919e-01
0.361 -4.140364e-01
0.362 -5.132164e-01
0.363 -5.853385e-01
0.364 -5.476229e-01
0.365 -3.320702e-01
0.366 2.058559e-02
0.367 3.788174e-01
0.368 6.328583e-01
0.369 7.783319e-01
0.370 8.810726e-01
0.371 9.686427e-01
0.372 9.784038e-01
0.373 8.239386e-01
0.374 5.050088e-01
0.375 1.327568e-01
0.376 -1.621714e-01
0.377 -3.379338e-01
0.378 -4.478255e-01
0.379 -5.432768e-01
0.380 -5.898098e-01
0.381 -4.961403e-01
0.382 -2.242158e-01
0.383 1.464791e-01
0.384 4.776968e-01
0.385 6.906212e-01
0.386 8.141915e-01
0.387 9.133348e-01
0.388 9.854900e-01
0.389 9.477412e-01
0.390 7.322296e-01
0.391 3.795794e-01
0.392 2.131931e-02
0.393 -2.326779e-01
0.394 -3.781479e-01
0.395 -4.808885e-01
0.396 -5.685125e-01
0.397 -5.782221e-01
0.398 -4.237582e-01
0.399 -1.048631e-01
0.400 2.674097e-01
0.401 5.623636e-01
0.402 7.381130e-01
0.403 8.479824e-01
0.404 9.434317e-01
0.405 9.899665e-01
0.406 8.962972e-01
0.407 6.243992e-01
0.408 2.536701e-01
0.409 -7.751043e-02
0.410 -2.904530e-01
0.411 -4.140081e-01
0.412 -5.131584e-01
0.413 -5.853220e-01
0.414 -5.475652e-01
0.415 -3.320519e-01
0.416 2.063457e-02
0.417 3.788756e-01
0.418 6.328410e-01
0.419 7.783409e-01
0.420 8.810543e-01
0.421 9.687029e-01
0.422 9.784252e-01
0.423 8.239470e-01
0.424 5.050305e-01
0.425 1.327810e-01
0.426 -1.621563e-01
0.427 -3.379500e-01
0.428 -4.478198e-01
0.429 -5.432779e-01
0.430 -5.898116e-01
0.431 -4.961530e-01
0.432 -2.242241e-01
0.433 1.465070e-01
0.434 4.777067e-01
0.435 6.906354e-01
0.436 8.141672e-01
0.437 9.133634e-01
0.438 9.854854e-01
0.439 9.477704e-01
0.440 7.322372e-01
0.441 3.795770e-01
0.442 2.135240e-02
0.443 -2.326509e-01
0.444 -3.781437e-01
0.445 -4.808765e-01
0.446 -5.684774e-01
0.447 -5.782164e-01
0.448 -4.237743e-01
0.449 -1.048737e-01
0.450 2.674285e-01
0.451 5.623616e-01
0.452 7.381172e-01
0.453 8.480095e-01
0.454 9.434640e-01
0.455 9.900032e-01
0.456 8.963225e-01
0.457 6.243995e-01
0.458 2.536835e-01
0.459 -7.751632e-02
0.460 -2.904453e-01
0.461 -4.140038e-01
0.462 -5.131568e-01
0.463 -5.853205e-01
0.464 -5.475744e-01
0.465 -3.320333e-01
0.466 2.064063e-02
0.467 3.788819e-01
0.468 6.328819e-01
0.469 7.783244e-01
0.470 8.810768e-01
0.471 9.686801e-01
0.472 9.784149e-01
0.473 8.239352e-01
0.474 5.050379e-01
0.475 1.327966e-01
0.476 -1.621595e-01
0.477 -3.379213e-01
0.478 -4.477961e-01
0.479 -5.432262e-01
0.480 -5.897827e-01
0.481 -4.961082e-01
0.482 -2.241913e-01
0.483 1.465265e-01
0.484 4.777300e-01
0.485 6.906458e-01
0.486 8.142174e-01
0.487 9.133783e-01
0.488 9.855044e-01
0.489 9.478096e-01
0.490 7.322879e-01
0.491 3.796114e-01
0.492 2.135639e-02
0.493 -2.326547e-01
0.494 -3.781142e-01
0.495 -4.808427e-01
0.496 -5.684484e-01
0.497 -5.781882e-01
0.498 -4.237164e-01
0.499 -1.047883e-01
0.500 2.674393e-01
0.501 5.624217e-01
0.502 7.381686e-01
0.503 8.480444e-01
0.504 9.434717e-01
0.505 9.900407e-01
0.506 8.963900e-01
0.507 6.244821e-01
0.508 2.537777e-01
0.509 -7.744241e-02
0.510 -2.903553e-01
0.511 -4.139243e-01
0.512 -5.130694e-01
0.513 -5.852650e-01
0.514 -5.474922e-01
0.515 -3.319535e-01
0.516 2.068679e-02
0.517 3.789359e-01
0.518 6.329391e-01
0.519 7.784469e-01
0.520 8.811694e-01
0.521 9.687517e-01
0.522 9.785049e-01
0.523 8.240651e-01
0.524 5.051447e-01
0.525 1.328721e-01
0.526 -1.620843e-01
0.527 -3.378257e-01
0.528 -4.477043e-01
0.529 -5.431356e-01
0.530 -5.896921e-01
0.531 -4.960041e-01
0.532 -2.241154e-01
0.533 1.466663e-01
0.534 4.778468e-01
0.535 6.907608e-01
0.536 8.143099e-01
0.537 9.134821e-01
0.538 9.856203e-01
0.539 9.478952e-01
0.540 7.323805e-01
0.541 3.797171e-01
0.542 2.147235e-02
0.543 -2.325028e-01
0.544 -3.779974e-01
0.545 -4.807239e-01
0.546 -5.683699e-01
0.547 -5.780804e-01
0.548 -4.236291e-01
0.549 -1.047261e-01
0.550 2.675633e-01
0.551 5.625242e-01
0.552 7.382801e-01
0.553 8.481393e-01
0.554 9.435927e-01
0.555 9.901300e-01
0.556 8.964575e-01
0.557 6.245614e-01
0.558 2.538238e-01
0.559 -7.739247e-02
0.560 -2.903171e-01
0.561 -4.138645e-01
0.562 -5.130379e-01
0.563 -5.851713e-01
0.564 -5.474424e-01
0.565 -3.319026e-01
0.566 2.077017e-02
0.567 3.789904e-01
0.568 6.329964e-01
0.569 7.784726e-01
0.570 8.811933e-01
0.571 9.687678e-01
0.572 9.785481e-01
0.573 8.240727e-01
0.574 5.051654e-01
0.575 1.328798e-01
0.576 -1.620702e-01
0.577 -3.378324e-01
0.578 -4.476924e-01
0.579 -5.431357e-01
0.580 -5.896961e-01
0.581 -4.960278e-01
0.582 -2.241079e-01
0.583 1.465854e-01
0.584 4.778214e-01
0.585 6.907224e-01
0.586 8.142627e-01
0.587 9.134322e-01
0.588 9.855675e-01
0.589 9.478415e-01
0.590 7.323266e-01
0.591 3.796543e-01
0.592 2.141912e-02
0.593 -2.326032e-01
0.594 -3.780878e-01
0.595 -4.808155e-01
0.596 -5.683975e-01
0.597 -5.781728e-01
0.598 -4.237034e-01
0.599 -1.047928e-01
0.600 2.674987e-01
0.601 5.624139e-01
0.602 7.381759e-01
0.603 8.480681e-01
0.604 9.434960e-01
0.605 9.900505e-01
0.606 8.963902e-01
0.607 6.244695e-01
0.608 2.537645e-01
0.609 -7.744883e-02
0.610 -2.903864e-01
0.611 -4.139606e-01
0.612 -5.131409e-01
0.613 -5.852622e-01
0.614 -5.474894e-01
0.615 -3.319883e-01
0.616 2.067384e-02
0.617 3.789171e-01
0.618 6.328844e-01
0.619 7.783773e-01
0.620 8.810900e-01
0.621 9.687111e-01
0.622 9.784515e-01
0.623 8.239763e-01
0.624 5.050713e-01
0.625 1.328390e-01
0.626 -1.621429e-01
0.627 -3.379147e-01
0.628 -4.478174e-01
0.629 -5.432138e-01
0.630 -5.897441e-01
0.631 -4.960891e-01
0.632 -2.241865e-01
0.633 1.465608e-01
0.634 4.777423e-01
0.635 6.906649e-01
0.636 8.142014e-01
0.637 9.133838e-01
0.638 9.855263e-01
0.639 9.477986e-01
0.640 7.322244e-01
0.641 3.796079e-01
0.642 2.136832e-02
0.643 -2.326309e-01
0.644 -3.781264e-01
0.645 -4.808563e-01
0.646 -5.684523e-01
0.647 -5.781611e-01
0.648 -4.237334e-01
0.649 -1.047928e-01
0.650 2.674421e-01
0.651 5.624273e-01
0.652 7.381805e-01
0.653 8.480068e-01
0.654 9.434935e-01
0.655 9.900216e-01
0.656 8.963453e-01
0.657 6.244096e-01
0.658 2.537360e-01
0.659 -7.749588e-02
0.660 -2.903909e-01
0.661 -4.139698e-01
0.662 -5.131156e-01
0.663 -5.852492e-01
0.664 -5.475392e-01
0.665 -3.320057e-01
0.666 2.068281e-02
0.667 3.789044e-01
0.668 6.329138e-01
0.669 7.783350e-01
0.670 8.811246e-01
0.671 9.687213e-01
0.672 9.784246e-01
0.673 8.239930e-01
0.674 5.050857e-01
0.675 1.328011e-01
0.676 -1.621338e-01
0.677 -3.379144e-01
0.678 -4.477896e-01
0.679 -5.431965e-01
0.680 -5.897630e-01
0.681 -4.960951e-01
0.682 -2.241756e-01
0.683 1.465340e-01
0.684 4.777485e-01
0.685 6.906670e-01
0.686 8.142031e-01
0.687 9.134228e-01
0.688 9.855386e-01
0.689 9.478037e-01
0.690 7.322689e-01
0.691 3.795950e-01
0.692 2.137126e-02
0.693 -2.326055e-01
0.694 -3.781040e-01
0.695 -4.808561e-01
0.696 -5.684362e-01
0.697 -5.781843e-01
0.698 -4.237161e-01
0.699 -1.047862e-01
0.700 2.674463e-01
0.701 5.624271e-01
0.702 7.381464e-01
0.703 8.480322e-01
0.704 9.434861e-01
0.705 9.900317e-01
0.706 8.963490e-01
0.707 6.244643e-01
0.708 2.537356e-01
0.709 -7.746693e-02
0.710 -2.903950e-01
0.711 -4.139632e-01
0.712 -5.131178e-01
0.713 -5.852785e-01
0.714 -5.475322e-01
0.715 -3.320044e-01
0.716 2.067675e-02
0.717 3.788962e-01
0.718 6.328964e-01
0.719 7.784006e-01
0.720 8.811026e-01
0.721 9.687016e-01
0.722 9.784697e-01
0.723 8.239818e-01
0.724 5.050698e-01
0.725 1.328217e-01
0.726 -1.621360e-01
0.727 -3.379046e-01
0.728 -4.477876e-01
0.729 -5.432068e-01
0.730 -5.897824e-01
0.731 -4.960885e-01
0.732 -2.241786e-01
0.733 1.465715e-01
0.734 4.777386e-01
0.735 6.907023e-01
0.736 8.142470e-01
0.737 9.134123e-01
0.738 9.855428e-01
0.739 9.477876e-01
0.740 7.322860e-01
0.741 3.796284e-01
0.742 2.133522e-02
0.743 -2.326266e-01
0.744 -3.780945e-01
0.745 -4.808090e-01
0.746 -5.684404e-01
0.747 -5.781879e-01
0.748 -4.236948e-01
0.749 -1.048337e-01
0.750 2.674663e-01
0.751 5.624147e-01
0.752 7.381838e-01
0.753 8.480624e-01
0.754 9.434929e-01
0.755 9.900583e-01
0.756 8.963905e-01
0.757 6.244319e-01
0.758 2.537408e-01
0.759 -7.745260e-02
0.760 -2.903764e-01
0.761 -4.139641e-01
0.762 -5.131550e-01
0.763 -5.852615e-01
0.764 -5.475159e-01
0.765 -3.319983e-01
0.766 2.066414e-02
0.767 3.789104e-01
0.768 6.328976e-01
0.769 7.783700e-01
0.770 8.811085e-01
0.771 9.687206e-01
0.772 9.784433e-01
0.773 8.239958e-01
0.774 5.051008e-01
0.775 1.328127e-01
0.776 -1.621152e-01
0.777 -3.378660e-01
0.778 -4.477750e-01
0.779 -5.431895e-01
0.780 -5.897591e-01
0.781 -4.960824e-01
0.782 -2.241954e-01
0.783 1.465789e-01
0.784 4.777566e-01
0.785 6.906944e-01
0.786 8.142449e-01
0.787 9.134156e-01
0.788 9.855515e-01
0.789 9.477855e-01
0.790 7.322915e-01
0.791 3.796272e-01
0.792 2.137459e-02
0.793 -2.326341e-01
0.794 -3.781008e-01
0.795 -4.808309e-01
0.796 -5.684321e-01
0.797 -5.781768e-01
0.798 -4.237041e-01
0.799 -1.048131e-01
0.800 2.674551e-01
0.801 5.624184e-01
0.802 7.381726e-01
0.803 8.480472e-01
0.804 9.434805e-01
0.805 9.900399e-01
0.806 8.963745e-01
0.807 6.244636e-01
0.808 2.537391e-01
0.809 -7.747681e-02
0.810 -2.903865e-01
0.811 -4.139393e-01
0.812 -5.131423e-01
0.813 -5.852512e-01
0.814 -5.475209e-01
0.815 -3.320153e-01
0.816 2.065055e-02
0.817 3.789053e-01
0.818 6.329052e-01
0.819 7.784122e-01
0.820 8.811067e-01
0.821 9.687414e-01
0.822 9.784520e-01
0.823 8.240026e-01
0.824 5.051213e-01
0.825 1.328289e-01
0.826 -1.621268e-01
0.827 -3.378890e-01
0.828 -4.477955e-01
0.829 -5.432142e-01
0.830 -5.897480e-01
0.831 -4.961002e-01
0.832 -2.241797e-01
0.833 1.465427e-01
0.834 4.777538e-01
0.835 6.906776e-01
0.836 8.142582e-01
0.837 9.134104e-01
0.838 9.855399e-01
0.839 9.478396e-01
0.840 7.322951e-01
0.841 3.796137e-01
0.842 2.138008e-02
0.843 -2.326388e-01
0.844 -3.781041e-01
0.845 -4.808318e-01
0.846 -5.684518e-01
0.847 -5.781767e-01
0.848 -4.236969e-01
0.849 -1.047864e-01
0.850 2.674603e-01
0.851 5.624309e-01
0.852 7.381589e-01
0.853 8.480529e-01
0.854 9.435071e-01
0.855 9.900389e-01
0.856 8.963728e-01
0.857 6.244365e-01
0.858 2.537104e-01
0.859 -7.742444e-02
0.860 -2.903902e-01
0.861 -4.139784e-01
0.862 -5.131204e-01
0.863 -5.852473e-01
0.864 -5.475269e-01
0.865 -3.319675e-01
0.866 2.067051e-02
0.867 3.789537e-01
0.868 6.329381e-01
0.869 7.783893e-01
0.870 8.811393e-01
0.871 9.687602e-01
0.872 9.784463e-01
0.873 8.240033e-01
0.874 5.050775e-01
0.875 1.328131e-01
0.876 -1.621359e-01
0.877 -3.378868e-01
0.878 -4.477605e-01
0.879 -5.432073e-01
0.880 -5.897387e-01
0.881 -4.960612e-01
0.882 -2.241628e-01
0.883 1.465469e-01
0.884 4.777621e-01
0.885 6.906898e-01
0.886 8.142566e-01
0.887 9.134096e-01
0.888 9.855471e-01
0.889 9.478005e-01
0.890 7.322946e-01
0.891 3.796081e-01
0.892 2.136928e-02
0.893 -2.326226e-01
0.894 -3.781008e-01
0.895 -4.808444e-01
0.896 -5.684153e-01
0.897 -5.781766e-01
0.898 -4.236751e-01
0.899 -1.048063e-01
0.900 2.674613e-01
0.901 5.624338e-01
0.902 7.381969e-01
0.903 8.480468e-01
0.904 9.434888e-01
0.905 9.900344e-01
0.906 8.963815e-01
0.907 6.244371e-01
0.908 2.537583e-01
0.909 -7.745653e-02
0.910 -2.903835e-01
0.911 -4.139509e-01
0.912 -5.131224e-01
0.913 -5.852764e-01
0.914 -5.475405e-01
0.915 -3.319734e-01
0.916 2.068696e-02
0.917 3.789188e-01
0.918 6.329246e-01
0.919 7.783766e-01
0.920 8.811448e-01
0.921 9.687015e-01
0.922 9.784368e-01
0.923 8.239993e-01
0.924 5.051017e-01
0.925 1.328139e-01
0.926 -1.620976e-01
0.927 -3.378700e-01
0.928 -4.477758e-01
0.929 -5.431942e-01
0.930 -5.897548e-01
0.931 -4.960667e-01
0.932 -2.241644e-01
0.933 1.465576e-01
0.934 4.777703e-01
0.935 6.906949e-01
0.936 8.142342e-01
0.937 9.134466e-01
0.938 9.855637e-01
0.939 9.478117e-01
0.940 7.322746e-01
0.941 3.796091e-01
0.942 2.139471e-02
0.943 -2.326084e-01
0.944 -3.780993e-01
0.945 -4.808286e-01
0.946 -5.684246e-01
0.947 -5.781480e-01
0.948 -4.236876e-01
0.949 -1.047866e-01
0.950 2.674682e-01
0.951 5.624499e-01
0.952 7.381697e-01
0.953 8.480654e-01
0.954 9.435112e-01
0.955 9.900334e-01
0.956 8.963964e-01
0.957 6.244811e-01
0.958 2.537311e-01
0.959 -7.746607e-02
0.960 -2.903575e-01
0.961 -4.139475e-01
0.962 -5.131140e-01
0.963 -5.852694e-01
0.964 -5.475383e-01
0.965 -3.319852e-01
0.966 2.068775e-02
0.967 3.789334e-01
0.968 6.329257e-01
0.969 7.783984e-01
0.970 8.811577e-01
0.971 9.687158e-01
0.972 9.784674e-01
0.973 8.240384e-01
0.974 5.051374e-01
0.975 1.328613e-01
0.976 -1.620743e-01
0.977 -3.378625e-01
0.978 -4.477300e-01
0.979 -5.431796e-01
0.980 -5.896967e-01
0.981 -4.960229e-01
0.982 -2.241287e-01
0.983 1.466387e-01
0.984 4.777820e-01
0.985 6.907328e-01
0.986 8.143084e-01
0.987 9.134763e-01
0.988 9.856066e-01
0.989 9.478854e-01
0.990 7.323367e-01
0.991 3.796721e-01
0.992 2.143528e-02
0.993 -2.325532e-01
0.994 -3.780411e-01
0.995 -4.807842e-01
0.996 -5.683467e-01
0.997 -5.781240e-01
0.998 -4.236549e-01
0.999 -1.047436e-01
1.000 2.675097e-01
1.001 5.624715e-01
1.002 7.382375e-01
1.003 8.481201e-01
1.004 9.435440e-01
1.005 9.900919e-01
1.006 8.964371e-01
1.007 6.245117e-01
1.008 2.537728e-01
1.009 -7.742927e-02
1.010 -2.903571e-01
1.011 -4.139159e-01
1.012 -5.130679e-01
1.013 -5.852383e-01
1.014 -5.475008e-01
1.015 -3.319762e-01
1.016 2.069044e-02
1.017 3.789453e-01
1.018 6.329617e-01
1.019 7.783886e-01
1.020 8.811261e-01
1.021 9.687343e-01
1.022 9.784743e-01
1.023 8.240189e-01
1.024 5.051082e-01
1.025 1.328486e-01
1.026 -1.621193e-01
1.027 -3.378926e-01
1.028 -4.477399e-01
1.029 -5.431938e-01
1.030 -5.897388e-01
1.031 -4.960592e-01
1.032 -2.241361e-01
1.033 1.465384e-01
1.034 4.777693e-01
1.035 6.907023e-01
1.036 8.142413e-01
1.037 9.134400e-01
1.038 9.855499e-01
1.039 9.478244e-01
1.040 7.323098e-01
1.041 3.796548e-01
1.042 2.138796e-02
1.043 -2.326268e-01
1.044 -3.780863e-01
1.045 -4.808082e-01
1.046 -5.684252e-01
1.047 -5.781559e-01
1.048 -4.237142e-01
1.049 -1.048021e-01
1.050 2.674470e-01
1.051 5.624213e-01
1.052 7.381795e-01
1.053 8.480753e-01
1.054 9.434907e-01
1.055 9.900476e-01
1.056 8.963758e-01
1.057 6.244915e-01
1.058 2.537714e-01
1.059 -7.745683e-02
1.060 -2.903963e-01
1.061 -4.139696e-01
1.062 -5.131000e-01
1.063 -5.852746e-01
1.064 -5.475224e-01
1.065 -3.320057e-01
1.066 2.066480e-02
1.067 3.789202e-01
1.068 6.329008e-01
1.069 7.783940e-01
1.070 8.810996e-01
1.071 9.687251e-01
1.072 9.784711e-01
1.073 8.240107e-01
1.074 5.050857e-01
1.075 1.328469e-01
1.076 -1.621277e-01
1.077 -3.378741e-01
1.078 -4.477515e-01
1.079 -5.432027e-01
1.080 -5.897560e-01
1.081 -4.960794e-01
1.082 -2.241624e-01
1.083 1.465544e-01
1.084 4.777378e-01
1.085 6.906946e-01
1.086 8.142684e-01
1.087 9.134161e-01
1.088 9.855620e-01
1.089 9.477838e-01
1.090 7.322632e-01
1.091 3.796416e-01
1.092 2.137455e-02
1.093 -2.326271e-01
1.094 -3.780924e-01
1.095 -4.808301e-01
1.096 -5.684270e-01
1.097 -5.781722e-01
1.098 -4.237012e-01
1.099 -1.048231e-01
1.100 2.674502e-01
1.101 5.624000e-01
1.102 7.381657e-01
1.103 8.480773e-01
1.104 9.434886e-01
1.105 9.900364e-01
1.106 8.963639e-01
1.107 6.244929e-01
1.108 2.537575e-01
1.109 -7.747873e-02
1.110 -2.903993e-01
1.111 -4.139656e-01
1.112 -5.131225e-01
1.113 -5.852717e-01
1.114 -5.475275e-01
1.115 -3.320088e-01
1.116 2.067235e-02
1.117 3.789260e-01
1.118 6.328888e-01
1.119 7.783939e-01
1.120 8.811351e-01
1.121 9.687104e-01
1.122 9.784974e-01
1.123 8.239889e-01
1.124 5.050982e-01
1.125 1.328367e-01
1.126 -1.621188e-01
1.127 -3.378791e-01
1.128 -4.477378e-01
1.129 -5.431962e-01
1.130 -5.897599e-01
1.131 -4.960799e-01
1.132 -2.241604e-01
1.133 1.465459e-01
1.134 4.777581e-01
1.135 6.907016e-01
1.136 8.142369e-01
1.137 9.134025e-01
1.138 9.855420e-01
1.139 9.477947e-01
1.140 7.322747e-01
1.141 3.796151e-01
1.142 2.134116e-02
1.143 -2.326460e-01
1.144 -3.781552e-01
1.145 -4.808537e-01
1.146 -5.684510e-01
1.147 -5.781477e-01
1.148 -4.236754e-01
1.149 -1.047694e-01
1.150 2.674952e-01
1.151 5.625096e-01
1.152 7.382674e-01
1.153 8.481962e-01
1.154 9.437029e-01
1.155 9.902789e-01
1.156 8.966430e-01
1.157 6.247994e-01
1.158 2.540875e-01
1.159 -7.704815e-02
1.160 -2.899446e-01
1.161 -4.134854e-01
1.162 -5.126193e-01
1.163 -5.847802e-01
1.164 -5.470017e-01
1.165 -3.315123e-01
1.166 2.115898e-02
1.167 3.793610e-01
1.168 6.333233e-01
1.169 7.787749e-01
1.170 8.814441e-01
1.171 9.689835e-01
1.172 9.786767e-01
1.173 8.241721e-01
1.174 5.052049e-01
1.175 1.329180e-01
1.176 -1.620812e-01
1.177 -3.378635e-01
1.178 -4.477996e-01
1.179 -5.432771e-01
1.180 -5.898587e-01
1.181 -4.961629e-01
1.182 -2.242683e-01
1.183 1.464133e-01
1.184 4.776287e-01
1.185 6.905478e-01
1.186 8.140916e-01
1.187 9.132767e-01
1.188 9.854250e-01
1.189 9.477180e-01
1.190 7.322158e-01
1.191 3.794987e-01
1.192 2.130305e-02
1.193 -2.327039e-01
1.194 -3.781561e-01
1.195 -4.808735e-01
1.196 -5.684533e-01
1.197 -5.781864e-01
1.198 -4.237290e-01
1.199 -1.048287e-01
1.200 2.674539e-01
1.201 5.624214e-01
1.202 7.381918e-01
1.203 8.480718e-01
1.204 9.434858e-01
1.205 9.900355e-01
1.206 8.963561e-01
1.207 6.244742e-01
1.208 2.537243e-01
1.209 -7.746858e-02
1.210 -2.903770e-01
1.211 -4.139302e-01
1.212 -5.131506e-01
1.213 -5.852520e-01
1.214 -5.475225e-01
1.215 -3.320141e-01
1.216 2.067858e-02
1.217 3.788983e-01
1.218 6.329222e-01
1.219 7.783945e-01
1.220 8.811459e-01
1.221 9.686886e-01
1.222 9.784569e-01
1.223 8.239745e-01
1.224 5.050887e-01
1.225 1.328205e-01
1.226 -1.621484e-01
1.227 -3.378733e-01
1.228 -4.477654e-01
1.229 -5.431947e-01
1.230 -5.898081e-01
1.231 -4.961182e-01
1.232 -2.241720e-01
1.233 1.465596e-01
1.234 4.777527e-01
1.235 6.906808e-01
1.236 8.142366e-01
1.237 9.134028e-01
1.238 9.855399e-01
1.239 9.478202e-01
1.240 7.322726e-01
1.241 3.795971e-01
1.242 2.138149e-02
1.243 -2.326367e-01
1.244 -3.781241e-01
1.245 -4.808168e-01
1.246 -5.684518e-01
1.247 -5.781734e-01
1.248 -4.236911e-01
1.249 -1.047972e-01
1.250 2.674405e-01
1.251 5.624415e-01
1.252 7.381634e-01
1.253 8.480384e-01
1.254 9.434698e-01
1.255 9.900494e-01
1.256 8.963944e-01
1.257 6.244511e-01
1.258 2.537274e-01
1.259 -7.749823e-02
1.260 -2.903892e-01
1.261 -4.139557e-01
1.262 -5.131409e-01
1.263 -5.852623e-01
1.264 -5.475322e-01
1.265 -3.319975e-01
1.266 2.067307e-02
1.267 3.788898e-01
1.268 6.328998e-01
1.269 7.783754e-01
1.270 8.810904e-01
1.271 9.687124e-01
1.272 9.784850e-01
1.273 8.239947e-01
1.274 5.050665e-01
1.275 1.328298e-01
1.276 -1.621570e-01
1.277 -3.379234e-01
1.278 -4.477887e-01
1.279 -5.432275e-01
1.280 -5.897514e-01
1.281 -4.960779e-01
1.282 -2.241575e-01
1.283 1.465502e-01
1.284 4.777492e-01
1.285 6.906747e-01
1.286 8.142323e-01
1.287 9.133976e-01
1.288 9.855246e-01
1.289 9.478118e-01
1.290 7.322799e-01
1.291 3.795918e-01
1.292 2.139486e-02
1.293 -2.326182e-01
1.294 -3.781177e-01
1.295 -4.808574e-01
1.296 -5.684477e-01
1.297 -5.781641e-01
1.298 -4.237167e-01
1.299 -1.048281e-01
1.300 2.674430e-01
1.301 5.624346e-01
1.302 7.381827e-01
1.303 8.480836e-01
1.304 9.434919e-01
1.305 9.900718e-01
1.306 8.963630e-01
1.307 6.244746e-01
1.308 2.537373e-01
1.309 -7.746246e-02
1.310 -2.904288e-01
1.311 -4.139474e-01
1.312 -5.131225e-01
1.313 -5.852460e-01
1.314 -5.475272e-01
1.315 -3.320056e-01
1.316 2.065871e-02
1.317 3.789076e-01
1.318 6.329293e-01
1.319 7.783884e-01
1.320 8.811363e-01
1.321 9.687305e-01
1.322 9.784494e-01
1.323 8.240102e-01
1.324 5.050830e-01
1.325 1.328331e-01
1.326 -1.621272e-01
1.327 -3.378719e-01
1.328 -4.477773e-01
1.329 -5.431922e-01
1.330 -5.897331e-01
1.331 -4.960474e-01
1.332 -2.241476e-01
1.333 1.465623e-01
1.334 4.777741e-01
1.335 6.907054e-01
1.336 8.142808e-01
1.337 9.134697e-01
1.338 9.856039e-01
1.339 9.478173e-01
1.340 7.323119e-01
1.341 3.796534e-01
1.342 2.141826e-02
1.343 -2.325861e-01
1.344 -3.780509e-01
1.345 -4.807792e-01
1.346 -5.683897e-01
1.347 -5.781303e-01
1.348 -4.236595e-01
1.349 -1.047402e-01
1.350 2.675070e-01
1.351 5.624744e-01
1.352 7.382395e-01
1.353 8.481079e-01
1.354 9.435669e-01
1.355 9.901184e-01
1.356 8.964456e-01
1.357 6.245199e-01
1.358 2.538203e-01
1.359 -7.740557e-02
1.360 -2.903088e-01
1.361 -4.138426e-01
1.362 -5.130425e-01
1.363 -5.851906e-01
1.364 -5.474302e-01
1.365 -3.318873e-01
1.366 2.078833e-02
1.367 3.790250e-01
1.368 6.330073e-01
1.369 7.784767e-01
1.370 8.812329e-01
1.371 9.688195e-01
1.372 9.785611e-01
1.373 8.240978e-01
1.374 5.051883e-01
1.375 1.329462e-01
1.376 -1.620199e-01
1.377 -3.377928e-01
1.378 -4.476293e-01
1.379 -5.431040e-01
1.380 -5.896380e-01
1.381 -4.959829e-01
1.382 -2.240837e-01
1.383 1.466389e-01
1.384 4.778762e-01
1.385 6.907896e-01
1.386 8.143255e-01
1.387 9.134713e-01
1.388 9.856605e-01
1.389 9.479112e-01
1.390 7.323941e-01
1.391 3.797137e-01
1.392 2.148434e-02
1.393 -2.325304e-01
1.394 -3.779983e-01
1.395 -4.807207e-01
1.396 -5.683455e-01
1.397 -5.780801e-01
1.398 -4.236060e-01
1.399 -1.047171e-01
1.400 2.675617e-01
1.401 5.625051e-01
1.402 7.382680e-01
1.403 8.481520e-01
1.404 9.435286e-01
1.405 9.901105e-01
1.406 8.964724e-01
1.407 6.245217e-01
1.408 2.538067e-01
1.409 -7.739724e-02
1.410 -2.903139e-01
1.411 -4.139177e-01
1.412 -5.130607e-01
1.413 -5.852112e-01
1.414 -5.474739e-01
1.415 -3.319494e-01
1.416 2.073704e-02
1.417 3.789382e-01
1.418 6.329524e-01
1.419 7.784449e-01
1.420 8.811523e-01
1.421 9.687673e-01
1.422 9.784937e-01
1.423 8.240448e-01
1.424 5.051255e-01
1.425 1.328515e-01
1.426 -1.621069e-01
1.427 -3.378663e-01
1.428 -4.477496e-01
1.429 -5.431696e-01
1.430 -5.897594e-01
1.431 -4.960877e-01
1.432 -2.241448e-01
1.433 1.465842e-01
1.434 4.777768e-01
1.435 6.907232e-01
1.436 8.142207e-01
1.437 9.134121e-01
1.438 9.855222e-01
1.439 9.478383e-01
1.440 7.322565e-01
1.441 3.796063e-01
1.442 2.135733e-02
1.443 -2.326207e-01
1.444 -3.781139e-01
1.445 -4.808549e-01
1.446 -5.684260e-01
1.447 -5.781958e-01
1.448 -4.237271e-01
1.449 -1.048038e-01
1.450 2.674721e-01
1.451 5.624198e-01
1.452 7.381701e-01
1.453 8.480661e-01
1.454 9.434574e-01
1.455 9.900058e-01
1.456 8.963440e-01
1.457 6.244290e-01
1.458 2.537127e-01
1.459 -7.751464e-02
1.460 -2.904169e-01
1.461 -4.139710e-01
1.462 -5.131544e-01
1.463 -5.852806e-01
1.464 -5.475591e-01
1.465 -3.319859e-01
1.466 2.064579e-02
1.467 3.789269e-01
1.468 6.328794e-01
1.469 7.783795e-01
1.470 8.810995e-01
1.471 9.687080e-01
1.472 9.784480e-01
1.473 8.239852e-01
1.474 5.050707e-01
1.475 1.327708e-01
1.476 -1.621279e-01
1.477 -3.379229e-01
1.478 -4.478099e-01
1.479 -5.432036e-01
1.480 -5.897810e-01
1.481 -4.961274e-01
1.482 -2.242152e-01
1.483 1.465099e-01
1.484 4.776873e-01
1.485 6.906397e-01
1.486 8.141898e-01
1.487 9.133772e-01
1.488 9.854954e-01
1.489 9.477715e-01
1.490 7.322366e-01
1.491 3.795512e-01
1.492 2.132760e-02
1.493 -2.326733e-01
1.494 -3.781439e-01
1.495 -4.808974e-01
1.496 -5.684510e-01
1.497 -5.782109e-01
1.498 -4.237622e-01
1.499 -1.048537e-01
1.500 2.674126e-01
1.501 5.623810e-01
1.502 7.381311e-01
1.503 8.479818e-01
1.504 9.434654e-01
1.505 9.899923e-01
1.506 8.963393e-01
1.507 6.244254e-01
1.508 2.537210e-01
1.509 -7.746952e-02
1.510 -2.904354e-01
1.511 -4.139768e-01
1.512 -5.131711e-01
1.513 -5.852992e-01
1.514 -5.475627e-01
1.515 -3.320163e-01
1.516 2.062462e-02
1.517 3.788944e-01
1.518 6.328798e-01
1.519 7.783355e-01
1.520 8.810864e-01
1.521 9.686659e-01
1.522 9.784327e-01
1.523 8.239538e-01
1.524 5.050373e-01
1.525 1.327919e-01
1.526 -1.621695e-01
1.527 -3.379144e-01
1.528 -4.478152e-01
1.529 -5.432374e-01
1.530 -5.898039e-01
1.531 -4.961247e-01
1.532 -2.242194e-01
1.533 1.465098e-01
1.534 4.777276e-01
1.535 6.906319e-01
1.536 8.141996e-01
1.537 9.133380e-01
1.538 9.855214e-01
1.539 9.477759e-01
1.540 7.322476e-01
1.541 3.795978e-01
1.542 2.133276e-02
1.543 -2.326610e-01
1.544 -3.781431e-01
1.545 -4.808498e-01
1.546 -5.684612e-01
1.547 -5.782147e-01
1.548 -4.237705e-01
1.549 -1.048401e-01
1.550 2.674215e-01
1.551 5.623690e-01
1.552 7.381357e-01
1.553 8.480113e-01
1.554 9.434579e-01
1.555 9.899841e-01
1.556 8.963220e-01
1.557 6.244122e-01
1.558 2.536992e-01
1.559 -7.752292e-02
1.560 -2.904529e-01
1.561 -4.140162e-01
1.562 -5.131677e-01
1.563 -5.853193e-01
1.564 -5.475720e-01
1.565 -3.320097e-01
1.566 2.063183e-02
1.567 3.788743e-01
1.568 6.328509e-01
1.569 7.783396e-01
1.570 8.811003e-01
1.571 9.686523e-01
1.572 9.784277e-01
1.573 8.239391e-01
1.574 5.050548e-01
1.575 1.327733e-01
1.576 -1.621548e-01
1.577 -3.379261e-01
1.578 -4.478237e-01
1.579 -5.432514e-01
1.580 -5.898323e-01
1.581 -4.961456e-01
1.582 -2.242136e-01
1.583 1.464752e-01
1.584 4.777320e-01
1.585 6.906176e-01
1.586 8.141801e-01
1.587 9.133666e-01
1.588 9.855048e-01
1.589 9.477525e-01
1.590 7.322587e-01
1.591 3.795516e-01
1.592 2.133527e-02
1.593 -2.327034e-01
1.594 -3.781293e-01
1.595 -4.808653e-01
1.596 -5.684775e-01
1.597 -5.782136e-01
1.598 -4.237673e-01
1.599 -1.048573e-01
1.600 2.674074e-01
1.601 5.623726e-01
1.602 7.381253e-01
1.603 8.479897e-01
1.604 9.434370e-01
1.605 9.899752e-01
1.606 8.963258e-01
1.607 6.244115e-01
1.608 2.536691e-01
1.609 -7.751963e-02
1.610 -2.904285e-01
1.611 -4.140062e-01
1.612 -5.131706e-01
1.613 -5.853183e-01
1.614 -5.475520e-01
1.615 -3.320329e-01
1.616 2.062752e-02
1.617 3.788507e-01
1.618 6.328394e-01
1.619 7.783165e-01
1.620 8.810685e-01
1.621 9.686643e-01
1.622 9.783961e-01
1.623 8.239687e-01
1.624 5.050247e-01
1.625 1.327588e-01
1.626 -1.622046e-01
1.627 -3.379579e-01
1.628 -4.478468e-01
1.629 -5.432884e-01
1.630 -5.898166e-01
1.631 -4.961546e-01
1.632 -2.242539e-01
1.633 1.464938e-01
1.634 4.776941e-01
1.635 6.906168e-01
1.636 8.141839e-01
1.637 9.133309e-01
1.638 9.854950e-01
1.639 9.477323e-01
1.640 7.322137e-01
1.641 3.795487e-01
1.642 2.132947e-02
1.643 -2.326631e-01
1.644 -3.781421e-01
1.645 -4.809041e-01
1.646 -5.684651e-01
1.647 -5.782450e-01
1.648 -4.237516e-01
1.649 -1.049065e-01
1.650 2.674084e-01
1.651 5.623673e-01
1.652 7.380883e-01
1.653 8.479863e-01
1.654 9.433934e-01
1.655 9.899786e-01
1.656 8.963053e-01
1.657 6.243853e-01
1.658 2.536695e-01
1.659 -7.754258e-02
1.660 -2.904522e-01
1.661 -4.140242e-01
1.662 -5.131802e-01
1.663 -5.853045e-01
1.664 -5.476028e-01
1.665 -3.320671e-01
1.666 2.062600e-02
1.667 3.788381e-01
1.668 6.328435e-01
1.669 7.783081e-01
1.670 8.810397e-01
1.671 9.686699e-01
1.672 9.783768e-01
1.673 8.239557e-01
1.674 5.050382e-01
1.675 1.327653e-01
1.676 -1.622220e-01
1.677 -3.379457e-01
1.678 -4.478505e-01
1.679 -5.432816e-01
1.680 -5.898458e-01
1.681 -4.961484e-01
1.682 -2.242374e-01
1.683 1.464857e-01
1.684 4.776844e-01
1.685 6.906096e-01
1.686 8.141734e-01
1.687 9.133399e-01
1.688 9.854618e-01
1.689 9.477318e-01
1.690 7.321970e-01
1.691 3.795473e-01
1.692 2.132623e-02
1.693 -2.327091e-01
1.694 -3.781815e-01
1.695 -4.809103e-01
1.696 -5.685019e-01
1.697 -5.782370e-01
1.698 -4.237704e-01
1.699 -1.048796e-01
1.700 2.673902e-01
1.701 5.623244e-01
1.702 7.381173e-01
1.703 8.479797e-01
1.704 9.434196e-01
1.705 9.899373e-01
1.706 8.962864e-01
1.707 6.243899e-01
1.708 2.536344e-01
1.709 -7.750931e-02
1.710 -2.904783e-01
1.711 -4.140127e-01
1.712 -5.131927e-01
1.713 -5.853427e-01
1.714 -5.476081e-01
1.715 -3.320879e-01
1.716 2.059517e-02
1.717 3.788208e-01
1.718 6.328276e-01
1.719 7.783101e-01
1.720 8.810431e-01
1.721 9.686246e-01
1.722 9.783960e-01
1.723 8.239386e-01
1.724 5.050029e-01
1.725 1.327607e-01
1.726 -1.622141e-01
1.727 -3.379679e-01
1.728 -4.478344e-01
1.729 -5.433056e-01
1.730 -5.898216e-01
1.731 -4.961875e-01
1.732 -2.242768e-01
1.733 1.464602e-01
1.734 4.776506e-01
1.735 6.906105e-01
1.736 8.141611e-01
1.737 9.133092e-01
1.738 9.854734e-01
1.739 9.477220e-01
1.740 7.322066e-01
1.741 3.795350e-01
1.742 2.129984e-02
1.743 -2.327210e-01
1.744 -3.781815e-01
1.745 -4.808952e-01
1.746 -5.685353e-01
1.747 -5.782422e-01
1.748 -4.237919e-01
1.749 -1.048436e-01
1.750 2.673742e-01
1.751 5.623436e-01
1.752 7.381212e-01
1.753 8.479573e-01
1.754 9.434276e-01
1.755 9.899769e-01
1.756 8.962864e-01
1.757 6.243533e-01
1.758 2.536342e-01
1.759 -7.754649e-02
1.760 -2.905063e-01
1.761 -4.140425e-01
1.762 -5.132151e-01
1.763 -5.853678e-01
1.764 -5.475962e-01
1.765 -3.320860e-01
1.766 2.057497e-02
1.767 3.788425e-01
1.768 6.328318e-01
1.769 7.782760e-01
1.770 8.810185e-01
1.771 9.686557e-01
1.772 9.783526e-01
1.773 8.238803e-01
1.774 5.050280e-01
1.775 1.327296e-01
1.776 -1.621899e-01
1.777 -3.379846e-01
1.778 -4.478814e-01
1.779 -5.433187e-01
1.780 -5.898493e-01
1.781 -4.961729e-01
1.782 -2.242849e-01
1.783 1.464437e-01
1.784 4.776705e-01
1.785 6.905818e-01
1.786 8.141453e-01
1.787 9.133052e-01
1.788 9.854273e-01
1.789 9.477295e-01
1.790 7.321821e-01
1.791 3.795367e-01
1.792 2.128958e-02
1.793 -2.327119e-01
1.794 -3.782011e-01
1.795 -4.809119e-01
1.796 -5.685318e-01
1.797 -5.782500e-01
1.798 -4.238013e-01
1.799 -1.048764e-01
1.800 2.673912e-01
1.801 5.623287e-01
1.802 7.381135e-01
1.803 8.479829e-01
1.804 9.434368e-01
1.805 9.899666e-01
1.806 8.963237e-01
1.807 6.243821e-01
1.808 2.536601e-01
1.809 -7.755847e-02
1.810 -2.904537e-01
1.811 -4.140275e-01
1.812 -5.131811e-01
1.813 -5.853035e-01
1.814 -5.476028e-01
1.815 -3.320762e-01
1.816 2.064410e-02
1.817 3.788728e-01
1.818 6.328480e-01
1.819 7.783346e-01
1.820 8.810533e-01
1.821 9.686582e-01
1.822 9.784027e-01
1.823 8.239417e-01
1.824 5.050472e-01
1.825 1.327953e-01
1.826 -1.621722e-01
1.827 -3.379340e-01
1.828 -4.478095e-01
1.829 -5.432641e-01
1.830 -5.898089e-01
1.831 -4.961300e-01
1.832 -2.242423e-01
1.833 1.465111e-01
1.834 4.776981e-01
1.835 6.905664e-01
1.836 8.141594e-01
1.837 9.133399e-01
1.838 9.854980e-01
1.839 9.477562e-01
1.840 7.322119e-01
1.841 3.795465e-01
1.842 2.130635e-02
1.843 -2.326962e-01
1.844 -3.781584e-01
1.845 -4.809005e-01
1.846 -5.685319e-01
1.847 -5.782735e-01
1.848 -4.237714e-01
1.849 -1.048948e-01
1.850 2.673547e-01
1.851 5.623287e-01
1.852 7.380967e-01
1.853 8.479804e-01
1.854 9.434071e-01
1.855 9.899284e-01
1.856 8.962342e-01
1.857 6.243476e-01
1.858 2.536255e-01
1.859 -7.756040e-02
1.860 -2.904904e-01
1.861 -4.140638e-01
1.862 -5.132177e-01
1.863 -5.853687e-01
1.864 -5.476206e-01
1.865 -3.321123e-01
1.866 2.058531e-02
1.867 3.788176e-01
1.868 6.327589e-01
1.869 7.783019e-01
1.870 8.810155e-01
1.871 9.686030e-01
1.872 9.783553e-01
1.873 8.238943e-01
1.874 5.049571e-01
1.875 1.327176e-01
1.876 -1.622372e-01
1.877 -3.379734e-01
1.878 -4.478848e-01
1.879 -5.433226e-01
1.880 -5.898525e-01
1.881 -4.961928e-01
1.882 -2.242864e-01
1.883 1.464313e-01
1.884 4.776365e-01
1.885 6.905406e-01
1.886 8.141045e-01
1.887 9.133196e-01
1.888 9.854303e-01
1.889 9.476946e-01
1.890 7.321718e-01
1.891 3.794902e-01
1.892 2.123642e-02
1.893 -2.327806e-01
1.894 -3.782112e-01
1.895 -4.809627e-01
1.896 -5.685551e-01
1.897 -5.783123e-01
1.898 -4.238078e-01
1.899 -1.049272e-01
1.900 2.673563e-01
1.901 5.622986e-01
1.902 7.380467e-01
1.903 8.479326e-01
1.904 9.433865e-01
1.905 9.899030e-01
1.906 8.962754e-01
1.907 6.243363e-01
1.908 2.536122e-01
1.909 -7.758999e-02
1.910 -2.905087e-01
1.911 -4.140633e-01
1.912 -5.132234e-01
1.913 -5.853765e-01
1.914 -5.476786e-01
1.915 -3.321525e-01
1.916 2.054546e-02
1.917 3.787731e-01
1.918 6.327682e-01
1.919 7.782627e-01
1.920 8.810036e-01
1.921 9.686009e-01
1.922 9.783452e-01
1.923 8.238890e-01
1.924 5.049375e-01
1.925 1.326844e-01
1.926 -1.622613e-01
1.927 -3.380087e-01
1.928 -4.478970e-01
1.929 -5.433324e-01
1.930 -5.898821e-01
1.931 -4.962327e-01
1.932 -2.242967e-01
1.933 1.464391e-01
1.934 4.776468e-01
1.935 6.905291e-01
1.936 8.141044e-01
1.937 9.132772e-01
1.938 9.854166e-01
1.939 9.476646e-01
1.940 7.321510e-01
1.941 3.794876e-01
1.942 2.125886e-02
1.943 -2.327300e-01
1.944 -3.782596e-01
1.945 -4.809777e-01
1.946 -5.685781e-01
1.947 -5.782868e-01
1.948 -4.238443e-01
1.949 -1.049238e-01
1.950 2.673361e-01
1.951 5.623009e-01
1.952 7.380397e-01
1.953 8.479049e-01
1.954 9.433729e-01
1.955 9.899222e-01
1.956 8.962516e-01
1.957 6.243057e-01
1.958 2.536131e-01
1.959 -7.761401e-02
1.960 -2.905022e-01
1.961 -4.140661e-01
1.962 -5.132391e-01
1.963 -5.854010e-01
1.964 -5.476663e-01
1.965 -3.321458e-01
1.966 2.057538e-02
1.967 3.787542e-01
1.968 6.327533e-01
1.969 7.782569e-01
1.970 8.810033e-01
1.971 9.685638e-01
1.972 9.783144e-01
1.973 8.238386e-01
1.974 5.049112e-01
1.975 1.326530e-01
1.976 -1.622896e-01
1.977 -3.380561e-01
1.978 -4.479398e-01
1.979 -5.433677e-01
1.980 -5.898994e-01
1.981 -4.962195e-01
1.982 -2.242963e-01
1.983 1.464353e-01
1.984 4.776777e-01
1.985 6.906422e-01
1.986 8.142346e-01
1.987 9.134607e-01
1.988 9.856405e-01
1.989 9.479474e-01
1.990 7.324623e-01
1.991 3.798520e-01
1.992 2.161650e-02
1.993 -2.323041e-01
1.994 -3.777734e-01
1.995 -4.805074e-01
1.996 -5.680648e-01
1.997 -5.778329e-01
1.998 -4.233851e-01
1.999 -1.044865e-01
2.000 2.677858e-01
2.001 5.626852e-01
2.002 7.384152e-01
2.003 8.482593e-01
2.004 9.435998e-01
2.005 9.901172e-01
2.006 8.964358e-01
2.007 6.244243e-01
2.008 2.536872e-01
2.009 -7.756701e-02
2.010 -2.905043e-01
2.011 -4.141013e-01
2.012 -5.133240e-01
2.013 -5.855038e-01
2.014 -5.477635e-01
2.015 -3.322625e-01
2.016 2.039217e-02
2.017 3.786418e-01
2.018 6.326470e-01
2.019 7.780879e-01
2.020 8.808556e-01
2.021 9.684350e-01
2.022 9.782177e-01
2.023 8.237845e-01
2.024 5.048712e-01
2.025 1.325988e-01
2.026 -1.623629e-01
2.027 -3.380997e-01
2.028 -4.479601e-01
2.029 -5.434163e-01
2.030 -5.899243e-01
2.031 -4.962554e-01
2.032 -2.243359e-01
2.033 1.463852e-01
2.034 4.776355e-01
2.035 6.905258e-01
2.036 8.140780e-01
2.037 9.132471e-01
2.038 9.854176e-01
2.039 9.476471e-01
2.040 7.321197e-01
2.041 3.794525e-01
2.042 2.123850e-02
2.043 -2.327603e-01
2.044 -3.782624e-01
2.045 -4.809862e-01
2.046 -5.685792e-01
2.047 -5.782852e-01
2.048 -4.238801e-01
2.049 -1.049910e-01
2.050 2.673105e-01
2.051 5.622424e-01
2.052 7.379969e-01
2.053 8.479404e-01
2.054 9.433167e-01
2.055 9.898952e-01
2.056 8.962376e-01
2.057 6.242948e-01
2.058 2.535454e-01
2.059 -7.762932e-02
2.060 -2.905276e-01
2.061 -4.141528e-01
2.062 -5.132846e-01
2.063 -5.854029e-01
2.064 -5.476919e-01
2.065 -3.321557e-01
2.066 2.052030e-02
2.067 3.787635e-01
2.068 6.327634e-01
2.069 7.782282e-01
2.070 8.809369e-01
2.071 9.685518e-01
2.072 9.782887e-01
2.073 8.238288e-01
2.074 5.049387e-01
2.075 1.326748e-01
2.076 -1.622677e-01
2.077 -3.380325e-01
2.078 -4.479299e-01
2.079 -5.433391e-01
2.080 -5.899312e-01
2.081 -4.962357e-01
2.082 -2.243378e-01
2.083 1.464078e-01
2.084 4.775983e-01
2.085 6.905106e-01
2.086 8.140431e-01
2.087 9.132461e-01
2.088 9.853900e-01
2.089 9.476404e-01
2.090 7.321127e-01
2.091 3.794431e-01
2.092 2.121456e-02
2.093 -2.327594e-01
2.094 -3.782553e-01
2.095 -4.809782e-01
2.096 -5.685939e-01
2.097 -5.783296e-01
2.098 -4.238626e-01
2.099 -1.049487e-01
2.100 2.672953e-01
2.101 5.622793e-01
2.102 7.379954e-01
2.103 8.478562e-01
2.104 9.433435e-01
2.105 9.898833e-01
2.106 8.961832e-01
2.107 6.242858e-01
2.108 2.535936e-01
2.109 -7.762738e-02
2.110 -2.905993e-01
2.111 -4.141003e-01
2.112 -5.133045e-01
2.113 -5.854389e-01
2.114 -5.476925e-01
2.115 -3.321828e-01
2.116 2.051518e-02
2.117 3.787545e-01
2.118 6.327305e-01
2.119 7.782324e-01
2.120 8.809809e-01
2.121 9.685420e-01
2.122 9.782844e-01
2.123 8.237910e-01
2.124 5.049193e-01
2.125 1.326468e-01
2.126 -1.622915e-01
2.127 -3.380563e-01
2.128 -4.479341e-01
2.129 -5.433594e-01
2.130 -5.899505e-01
2.131 -4.962918e-01
2.132 -2.243480e-01
2.133 1.464073e-01
2.134 4.775979e-01
2.135 6.904997e-01
2.136 8.140624e-01
2.137 9.132505e-01
2.138 9.853728e-01
2.139 9.476285e-01
2.140 7.320848e-01
2.141 3.794519e-01
2.142 2.120775e-02
2.143 -2.328070e-01
2.144 -3.782415e-01
2.145 -4.810059e-01
2.146 -5.685680e-01
2.147 -5.783502e-01
2.148 -4.238803e-01
2.149 -1.049728e-01
2.150 2.672880e-01
2.151 5.622396e-01
2.152 7.380195e-01
2.153 8.478722e-01
2.154 9.433477e-01
2.155 9.898883e-01
2.156 8.961982e-01
2.157 6.243113e-01
2.158 2.535823e-01
2.159 -7.765051e-02
2.160 -2.905333e-01
2.161 -4.140998e-01
2.162 -5.132865e-01
2.163 -5.854045e-01
2.164 -5.476525e-01
2.165 -3.321340e-01
2.166 2.053193e-02
2.167 3.787378e-01
2.168 6.327414e-01
2.169 7.782382e-01
2.170 8.809712e-01
2.171 9.685912e-01
2.172 9.783266e-01
2.173 8.238666e-01
2.174 5.049513e-01
2.175 1.327226e-01
2.176 -1.622494e-01
2.177 -3.380078e-01
2.178 -4.478876e-01
2.179 -5.433422e-01
2.180 -5.898812e-01
2.181 -4.962059e-01
2.182 -2.243030e-01
2.183 1.464382e-01
2.184 4.776495e-01
2.185 6.905581e-01
2.186 8.141380e-01
2.187 9.133067e-01
2.188 9.854380e-01
2.189 9.477133e-01
2.190 7.321964e-01
2.191 3.795495e-01
2.192 2.125704e-02
2.193 -2.327211e-01
2.194 -3.781898e-01
2.195 -4.809389e-01
2.196 -5.685329e-01
2.197 -5.782609e-01
2.198 -4.237958e-01
2.199 -1.048940e-01
2.200 2.674074e-01
2.201 5.623465e-01
2.202 7.380964e-01
2.203 8.479732e-01
2.204 9.433823e-01
2.205 9.899949e-01
2.206 8.963016e-01
2.207 6.243517e-01
2.208 2.536427e-01
2.209 -7.754287e-02
2.210 -2.904637e-01
2.211 -4.140203e-01
2.212 -5.131993e-01
2.213 -5.853237e-01
2.214 -5.475959e-01
2.215 -3.320655e-01
2.216 2.060656e-02
2.217 3.788483e-01
2.218 6.328928e-01
2.219 7.783129e-01
2.220 8.810527e-01
2.221 9.686438e-01
2.222 9.784131e-01
2.223 8.239432e-01
2.224 5.050023e-01
2.225 1.327314e-01
2.226 -1.622154e-01
2.227 -3.379538e-01
2.228 -4.478499e-01
2.229 -5.432964e-01
2.230 -5.898403e-01
2.231 -4.961558e-01
2.232 -2.242374e-01
2.233 1.464569e-01
2.234 4.776585e-01
2.235 6.905888e-01
2.236 8.141532e-01
2.237 9.133171e-01
2.238 9.854471e-01
2.239 9.476904e-01
2.240 7.321856e-01
2.241 3.795035e-01
2.242 2.128359e-02
2.243 -2.327376e-01
2.244 -3.781991e-01
2.245 -4.809460e-01
2.246 -5.685190e-01
2.247 -5.783154e-01
2.248 -4.238323e-01
2.249 -1.049062e-01
2.250 2.673316e-01
2.251 5.622777e-01
2.252 7.380297e-01
2.253 8.479066e-01
2.254 9.433702e-01
2.255 9.898918e-01
2.256 8.962230e-01
2.257 6.243236e-01
2.258 2.535884e-01
2.259 -7.760201e-02
2.260 -2.905353e-01
2.261 -4.140962e-01
2.262 -5.132701e-01
2.263 -5.854108e-01
2.264 -5.477035e-01
2.265 -3.321536e-01
2.266 2.050649e-02
2.267 3.787296e-01
2.268 6.327247e-01
2.269 7.782126e-01
2.270 8.809066e-01
2.271 9.685533e-01
2.272 9.782872e-01
2.273 8.238167e-01
2.274 5.049036e-01
2.275 1.326220e-01
2.276 -1.623300e-01
2.277 -3.380733e-01
2.278 -4.479576e-01
2.279 -5.433952e-01
2.280 -5.899449e-01
2.281 -4.962892e-01
2.282 -2.243724e-01
2.283 1.463445e-01
2.284 4.775818e-01
2.285 6.905003e-01
2.286 8.140368e-01
2.287 9.132186e-01
2.288 9.853518e-01
2.289 9.475961e-01
2.290 7.320844e-01
2.291 3.794298e-01
2.292 2.117571e-02
2.293 -2.328459e-01
2.294 -3.783033e-01
2.295 -4.810349e-01
2.296 -5.686580e-01
2.297 -5.784068e-01
2.298 -4.238904e-01
2.299 -1.050240e-01
2.300 2.672482e-01
2.301 5.621875e-01
2.302 7.379789e-01
2.303 8.478439e-01
2.304 9.432962e-01
2.305 9.898199e-01
2.306 8.961489e-01
2.307 6.242722e-01
2.308 2.535160e-01
2.309 -7.769166e-02
2.310 -2.906261e-01
2.311 -4.141653e-01
2.312 -5.133457e-01
2.313 -5.854644e-01
2.314 -5.477755e-01
2.315 -3.321866e-01
2.316 2.044991e-02
2.317 3.787115e-01
2.318 6.327127e-01
2.319 7.781752e-01
2.320 8.808696e-01
2.321 9.685114e-01
2.322 9.782406e-01
2.323 8.237793e-01
2.324 5.048797e-01
2.325 1.326069e-01
2.326 -1.623630e-01
2.327 -3.381235e-01
2.328 -4.479901e-01
2.329 -5.434394e-01
2.330 -5.899658e-01
2.331 -4.963130e-01
2.332 -2.243909e-01
2.333 1.463313e-01
2.334 4.775319e-01
2.335 6.904814e-01
2.336 8.140094e-01
2.337 9.131994e-01
2.338 9.853170e-01
2.339 9.475877e-01
2.340 7.320587e-01
2.341 3.794119e-01
2.342 2.115227e-02
2.343 -2.328506e-01
2.344 -3.783263e-01
2.345 -4.810437e-01
2.346 -5.686689e-01
2.347 -5.783976e-01
2.348 -4.239289e-01
2.349 -1.049913e-01
2.350 2.672486e-01
2.351 5.622081e-01
2.352 7.379637e-01
2.353 8.478193e-01
2.354 9.432650e-01
2.355 9.898322e-01
2.356 8.961446e-01
2.357 6.242218e-01
2.358 2.534989e-01
2.359 -7.766811e-02
2.360 -2.906102e-01
2.361 -4.141486e-01
2.362 -5.133335e-01
2.363 -5.855046e-01
2.364 -5.477270e-01
2.365 -3.322367e-01
2.366 2.045396e-02
2.367 3.786800e-01
2.368 6.326954e-01
2.369 7.781693e-01
2.370 8.809119e-01
2.371 9.684914e-01
2.372 9.782399e-01
2.373 8.237768e-01
2.374 5.048664e-01
2.375 1.326031e-01
2.376 -1.623633e-01
2.377 -3.381223e-01
2.378 -4.479932e-01
2.379 -5.434443e-01
2.380 -5.899714e-01
2.381 -4.963150e-01
2.382 -2.244034e-01
2.383 1.463166e-01
2.384 4.775273e-01
2.385 6.904676e-01
2.386 8.139891e-01
2.387 9.131731e-01
2.388 9.853179e-01
2.389 9.475692e-01
2.390 7.320331e-01
2.391 3.794047e-01
2.392 2.114930e-02
2.393 -2.328381e-01
2.394 -3.783194e-01
2.395 -4.810902e-01
2.396 -5.686512e-01
2.397 -5.784297e-01
2.398 -4.239476e-01
2.399 -1.050139e-01
2.400 2.672140e-01
2.401 5.622048e-01
2.402 7.379397e-01
2.403 8.478010e-01
2.404 9.432625e-01
2.405 9.897829e-01
2.406 8.961039e-01
2.407 6.242234e-01
2.408 2.535247e-01
2.409 -7.771449e-02
2.410 -2.906230e-01
2.411 -4.141789e-01
2.412 -5.133265e-01
2.413 -5.854796e-01
2.414 -5.477567e-01
2.415 -3.322144e-01
2.416 2.044626e-02
2.417 3.786888e-01
2.418 6.326623e-01
2.419 7.781738e-01
2.420 8.808612e-01
2.421 9.684807e-01
2.422 9.782313e-01
2.423 8.237447e-01
2.424 5.048311e-01
2.425 1.325727e-01
2.426 -1.623610e-01
2.427 -3.381252e-01
2.428 -4.480044e-01
2.429 -5.434278e-01
2.430 -5.899872e-01
2.431 -4.963299e-01
2.432 -2.244000e-01
2.433 1.463244e-01
2.434 4.775184e-01
2.435 6.904449e-01
2.436 8.140209e-01
2.437 9.131834e-01
2.438 9.853046e-01
2.439 9.475644e-01
2.440 7.320482e-01
2.441 3.793713e-01
2.442 2.114619e-02
2.443 -2.328681e-01
2.444 -3.783309e-01
2.445 -4.810449e-01
2.446 -5.686804e-01
2.447 -5.784190e-01
2.448 -4.239380e-01
2.449 -1.050340e-01
2.450 2.672086e-01
2.451 5.621546e-01
2.452 7.379339e-01
2.453 8.478226e-01
2.454 9.432796e-01
2.455 9.898098e-01
2.456 8.961304e-01
2.457 6.242268e-01
2.458 2.534899e-01
2.459 -7.771725e-02
2.460 -2.906212e-01
2.461 -4.141844e-01
2.462 -5.133694e-01
2.463 -5.855163e-01
2.464 -5.477527e-01
2.465 -3.322306e-01
2.466 2.043715e-02
2.467 3.786668e-01
2.468 6.326763e-01
2.469 7.781550e-01
2.470 8.808775e-01
2.471 9.685012e-01
2.472 9.782244e-01
2.473 8.237319e-01
2.474 5.048360e-01
2.475 1.325983e-01
2.476 -1.623837e-01
2.477 -3.381406e-01
2.478 -4.479958e-01
2.479 -5.434384e-01
2.480 -5.899900e-01
2.481 -4.963295e-01
2.482 -2.244344e-01
2.483 1.463215e-01
2.484 4.774977e-01
2.485 6.904196e-01
2.486 8.140187e-01
2.487 9.131850e-01
2.488 9.853133e-01
2.489 9.475414e-01
2.490 7.320503e-01
2.491 3.793425e-01
2.492 2.111951e-02
2.493 -2.328801e-01
2.494 -3.783555e-01
2.495 -4.811045e-01
2.496 -5.687019e-01
2.497 -5.784281e-01
2.498 -4.239553e-01
2.499 -1.050248e-01
2.500 2.671883e-01
2.501 5.621608e-01
2.502 7.379318e-01
2.503 8.477941e-01
2.504 9.432341e-01
2.505 9.898149e-01
2.506 8.961301e-01
2.507 6.242105e-01
2.508 2.534786e-01
2.509 -7.774223e-02
2.510 -2.906645e-01
2.511 -4.141717e-01
2.512 -5.133765e-01
2.513 -5.855020e-01
2.514 -5.477636e-01
2.515 -3.322255e-01
2.516 2.040286e-02
2.517 3.786482e-01
2.518 6.326435e-01
2.519 7.781329e-01
2.520 8.808675e-01
2.521 9.684506e-01
2.522 9.782199e-01
2.523 8.237227e-01
2.524 5.048397e-01
2.525 1.325611e-01
2.526 -1.623796e-01
2.527 -3.381409e-01
2.528 -4.480298e-01
2.529 -5.434871e-01
2.530 -5.900107e-01
2.531 -4.963264e-01
2.532 -2.244298e-01
2.533 1.463081e-01
2.534 4.775036e-01
2.535 6.904273e-01
2.536 8.139899e-01
2.537 9.131563e-01
2.538 9.852734e-01
2.539 9.475592e-01
2.540 7.320367e-01
2.541 3.793621e-01
2.542 2.111747e-02
2.543 -2.328755e-01
2.544 -3.783439e-01
2.545 -4.810947e-01
2.546 -5.686837e-01
2.547 -5.784464e-01
2.548 -4.239639e-01
2.549 -1.050864e-01
2.550 2.671972e-01
2.551 5.621556e-01
2.552 7.378972e-01
2.553 8.477692e-01
2.554 9.432359e-01
2.555 9.898008e-01
2.556 8.961043e-01
2.557 6.242084e-01
2.558 2.534613e-01
2.559 -7.773278e-02
2.560 -2.906278e-01
2.561 -4.142268e-01
2.562 -5.134031e-01
2.563 -5.855013e-01
2.564 -5.477938e-01
2.565 -3.322748e-01
2.566 2.040241e-02
2.567 3.786593e-01
2.568 6.326491e-01
2.569 7.780908e-01
2.570 8.808462e-01
2.571 9.684636e-01
2.572 9.781783e-01
2.573 8.237082e-01
2.574 5.048161e-01
2.575 1.325662e-01
2.576 -1.623880e-01
2.577 -3.381495e-01
2.578 -4.480080e-01
2.579 -5.434522e-01
2.580 -5.900102e-01
2.581 -4.963317e-01
2.582 -2.244414e-01
2.583 1.462975e-01
2.584 4.774706e-01
2.585 6.904222e-01
2.586 8.139581e-01
2.587 9.131604e-01
2.588 9.853082e-01
2.589 9.475365e-01
2.590 7.320104e-01
2.591 3.793542e-01
2.592 2.111016e-02
2.593 -2.328912e-01
2.594 -3.783274e-01
2.595 -4.810835e-01
2.596 -5.687178e-01
2.597 -5.784226e-01
2.598 -4.239818e-01
2.599 -1.050592e-01
2.600 2.672088e-01
2.601 5.621620e-01
2.602 7.379285e-01
2.603 8.477788e-01
2.604 9.432035e-01
2.605 9.897905e-01
2.606 8.961102e-01
2.607 6.241872e-01
2.608 2.534458e-01
2.609 -7.771184e-02
2.610 -2.906590e-01
2.611 -4.142112e-01
2.612 -5.133794e-01
2.613 -5.855515e-01
2.614 -5.477838e-01
2.615 -3.322827e-01
2.616 2.041362e-02
2.617 3.786476e-01
2.618 6.326636e-01
2.619 7.781199e-01
2.620 8.808681e-01
2.621 9.684524e-01
2.622 9.781902e-01
2.623 8.237260e-01
2.624 5.048306e-01
2.625 1.325432e-01
2.626 -1.624004e-01
2.627 -3.381339e-01
2.628 -4.480041e-01
2.629 -5.434619e-01
2.630 -5.900401e-01
2.631 -4.963320e-01
2.632 -2.244177e-01
2.633 1.462978e-01
2.634 4.775051e-01
2.635 6.904195e-01
2.636 8.139739e-01
2.637 9.131765e-01
2.638 9.853053e-01
2.639 9.475678e-01
2.640 7.320504e-01
2.641 3.793820e-01
2.642 2.112057e-02
2.643 -2.328630e-01
2.644 -3.783323e-01
2.645 -4.810706e-01
2.646 -5.686583e-01
2.647 -5.783968e-01
2.648 -4.239093e-01
2.649 -1.050478e-01
2.650 2.672631e-01
2.651 5.621649e-01
2.652 7.379520e-01
2.653 8.478338e-01
2.654 9.432560e-01
2.655 9.898154e-01
2.656 8.961402e-01
2.657 6.242170e-01
2.658 2.535163e-01
2.659 -7.769843e-02
2.660 -2.906210e-01
2.661 -4.141825e-01
2.662 -5.133570e-01
2.663 -5.854814e-01
2.664 -5.477605e-01
2.665 -3.322337e-01
2.666 2.045409e-02
2.667 3.786930e-01
2.668 6.326766e-01
2.669 7.781753e-01
2.670 8.809042e-01
2.671 9.684784e-01
2.672 9.782254e-01
2.673 8.237586e-01
2.674 5.048457e-01
2.675 1.325821e-01
2.676 -1.623430e-01
2.677 -3.381289e-01
2.678 -4.479933e-01
2.679 -5.434648e-01
2.680 -5.900110e-01
2.681 -4.963227e-01
2.682 -2.244307e-01
2.683 1.463093e-01
2.684 4.775106e-01
2.685 6.904248e-01
2.686 8.139839e-01
2.687 9.131567e-01
2.688 9.852712e-01
2.689 9.475553e-01
2.690 7.320217e-01
2.691 3.793581e-01
2.692 2.112249e-02
2.693 -2.329035e-01
2.694 -3.783662e-01
2.695 -4.811144e-01
2.696 -5.686963e-01
2.697 -5.784405e-01
2.698 -4.239893e-01
2.699 -1.050758e-01
2.700 2.671791e-01
2.701 5.621066e-01
2.702 7.379152e-01
2.703 8.477763e-01
2.704 9.432144e-01
2.705 9.897521e-01
2.706 8.960958e-01
2.707 6.241795e-01
2.708 2.534255e-01
2.709 -7.775096e-02
2.710 -2.906639e-01
2.711 -4.142130e-01
2.712 -5.133895e-01
2.713 -5.855454e-01
2.714 -5.477985e-01
2.715 -3.322675e-01
2.716 2.041221e-02
2.717 3.786376e-01
2.718 6.326249e-01
2.719 7.781348e-01
2.720 8.808244e-01
2.721 9.684412e-01
2.722 9.781767e-01
2.723 8.237164e-01
2.724 5.048143e-01
2.725 1.325400e-01
2.726 -1.624084e-01
2.727 -3.381628e-01
2.728 -4.480503e-01
2.729 -5.434750e-01
2.730 -5.900303e-01
2.731 -4.963640e-01
2.732 -2.244479e-01
2.733 1.462762e-01
2.734 4.774394e-01
2.735 6.904148e-01
2.736 8.139773e-01
2.737 9.131122e-01
2.738 9.852391e-01
2.739 9.475375e-01
2.740 7.319963e-01
2.741 3.793433e-01
2.742 2.110770e-02
2.743 -2.329010e-01
2.744 -3.784120e-01
2.745 -4.811166e-01
2.746 -5.687274e-01
2.747 -5.784582e-01
2.748 -4.239643e-01
2.749 -1.050692e-01
2.750 2.671931e-01
2.751 5.621538e-01
2.752 7.378903e-01
2.753 8.477827e-01
2.754 9.432036e-01
2.755 9.897434e-01
2.756 8.960860e-01
2.757 6.241786e-01
2.758 2.533897e-01
2.759 -7.778955e-02
2.760 -2.906704e-01
2.761 -4.142311e-01
2.762 -5.134021e-01
2.763 -5.855510e-01
2.764 -5.477999e-01
2.765 -3.322647e-01
2.766 2.041811e-02
2.767 3.786165e-01
2.768 6.326013e-01
2.769 7.780894e-01
2.770 8.808463e-01
2.771 9.684424e-01
2.772 9.781582e-01
2.773 8.237075e-01
2.774 5.047890e-01
2.775 1.325484e-01
2.776 -1.624011e-01
2.777 -3.381535e-01
2.778 -4.480757e-01
2.779 -5.434959e-01
2.780 -5.900541e-01
2.781 -4.963769e-01
2.782 -2.244389e-01
2.783 1.462555e-01
2.784 4.774524e-01
2.785 6.904082e-01
2.786 8.139529e-01
2.787 9.131441e-01
2.788 9.852628e-01
2.789 9.475420e-01
2.790 7.320204e-01
2.791 3.793230e-01
2.792 2.108664e-02
2.793 -2.329010e-01
2.794 -3.783799e-01
2.795 -4.811142e-01
2.796 -5.687218e-01
2.797 -5.784498e-01
2.798 -4.239885e-01
2.799 -1.050623e-01
2.800 2.671888e-01
2.801 5.621322e-01
2.802 7.378778e-01
2.803 8.477704e-01
2.804 9.431965e-01
2.805 9.897428e-01
2.806 8.960884e-01
2.807 6.241510e-01
2.808 2.534077e-01
2.809 -7.777220e-02
2.810 -2.907052e-01
2.811 -4.142364e-01
2.812 -5.134217e-01
2.813 -5.855781e-01
2.814 -5.478438e-01
2.815 -3.322591e-01
2.816 2.042427e-02
2.817 3.786693e-01
2.818 6.327108e-01
2.819 7.782086e-01
2.820 8.810256e-01
2.821 9.686413e-01
2.822 9.784275e-01
2.823 8.239976e-01
2.824 5.051557e-01
2.825 1.329314e-01
2.826 -1.619868e-01
2.827 -3.377173e-01
2.828 -4.475757e-01
2.829 -5.429969e-01
2.830 -5.895537e-01
2.831 -4.959052e-01
2.832 -2.239711e-01
2.833 1.467291e-01
2.834 4.778750e-01
2.835 6.907769e-01
2.836 8.142740e-01
2.837 9.134200e-01
2.838 9.855135e-01
2.839 9.477439e-01
2.840 7.321689e-01
2.841 3.794168e-01
2.842 2.116376e-02
2.843 -2.328827e-01
2.844 -3.783764e-01
2.845 -4.811768e-01
2.846 -5.687737e-01
2.847 -5.785600e-01
2.848 -4.241244e-01
2.849 -1.051953e-01
2.850 2.670683e-01
2.851 5.619873e-01
2.852 7.377612e-01
2.853 8.476385e-01
2.854 9.430943e-01
2.855 9.896275e-01
2.856 8.959812e-01
2.857 6.240591e-01
2.858 2.533741e-01
2.859 -7.782083e-02
2.860 -2.907424e-01
2.861 -4.142770e-01
2.862 -5.134491e-01
2.863 -5.856007e-01
2.864 -5.478369e-01
2.865 -3.323072e-01
2.866 2.036803e-02
2.867 3.785965e-01
2.868 6.326050e-01
2.869 7.780687e-01
2.870 8.808188e-01
2.871 9.684386e-01
2.872 9.781702e-01
2.873 8.237200e-01
2.874 5.048217e-01
2.875 1.325222e-01
2.876 -1.624341e-01
2.877 -3.382000e-01
2.878 -4.480421e-01
2.879 -5.435048e-01
2.880 -5.900729e-01
2.881 -4.963624e-01
2.882 -2.244385e-01
2.883 1.462473e-01
2.884 4.774751e-01
2.885 6.903789e-01
2.886 8.139446e-01
2.887 9.131038e-01
2.888 9.852604e-01
2.889 9.475366e-01
2.890 7.320018e-01
2.891 3.793456e-01
2.892 2.106354e-02
2.893 -2.329165e-01
2.894 -3.783973e-01
2.895 -4.811324e-01
2.896 -5.687199e-01
2.897 -5.784545e-01
2.898 -4.239897e-01
2.899 -1.050977e-01
2.900 2.671637e-01
2.901 5.620967e-01
2.902 7.378712e-01
2.903 8.477511e-01
2.904 9.431815e-01
2.905 9.897638e-01
2.906 8.960789e-01
2.907 6.241767e-01
2.908 2.534383e-01
2.909 -7.777564e-02
2.910 -2.906748e-01
2.911 -4.142481e-01
2.912 -5.134092e-01
2.913 -5.855399e-01
2.914 -5.477985e-01
2.915 -3.322772e-01
2.916 2.038769e-02
2.917 3.786139e-01
2.918 6.326335e-01
2.919 7.781082e-01
2.920 8.808198e-01
2.921 9.684424e-01
2.922 9.781571e-01
2.923 8.237282e-01
2.924 5.047969e-01
2.925 1.325259e-01
2.926 -1.624190e-01
2.927 -3.381958e-01
2.928 -4.480929e-01
2.929 -5.435022e-01
2.930 -5.900448e-01
2.931 -4.963540e-01
2.932 -2.244363e-01
2.933 1.462899e-01
2.934 4.774537e-01
2.935 6.903756e-01
2.936 8.139515e-01
2.937 9.131258e-01
2.938 9.852542e-01
2.939 9.475412e-01
2.940 7.319794e-01
2.941 3.793274e-01
2.942 2.107365e-02
2.943 -2.329031e-01
2.944 -3.783956e-01
2.945 -4.811204e-01
2.946 -5.687384e-01
2.947 -5.784719e-01
2.948 -4.240026e-01
2.949 -1.051019e-01
2.950 2.671781e-01
2.951 5.621237e-01
2.952 7.379240e-01
2.953 8.477492e-01
2.954 9.431882e-01
2.955 9.897538e-01
2.956 8.960639e-01
2.957 6.241725e-01
2.958 2.534478e-01
2.959 -7.777905e-02
2.960 -2.906568e-01
2.961 -4.142508e-01
2.962 -5.134309e-01
2.963 -5.855401e-01
2.964 -5.478171e-01
2.965 -3.323125e-01
2.966 2.036823e-02
2.967 3.786136e-01
2.968 6.326098e-01
2.969 7.780947e-01
2.970 8.808109e-01
2.971 9.684715e-01
2.972 9.781642e-01
2.973 8.237277e-01
2.974 5.048079e-01
2.975 1.325649e-01
2.976 -1.624009e-01
2.977 -3.381812e-01
2.978 -4.480368e-01
2.979 -5.434764e-01
2.980 -5.900691e-01
2.981 -4.963328e-01
2.982 -2.244522e-01
2.983 1.462761e-01
2.984 4.774819e-01
2.985 6.903942e-01
2.986 8.139519e-01
2.987 9.131300e-01
2.988 9.852673e-01
2.989 9.475622e-01
2.990 7.320016e-01
2.991 3.793578e-01
2.992 2.111050e-02
2.993 -2.329134e-01
2.994 -3.783816e-01
2.995 -4.811058e-01
2.996 -5.687052e-01
2.997 -5.784395e-01
2.998 -4.239592e-01
2.999 -1.050544e-01
3.000 2.671712e-01
3.001 5.621639e-01
3.002 7.379411e-01
3.003 8.478278e-01
3.004 9.432645e-01
3.005 9.897764e-01
3.006 8.961345e-01
3.007 6.242036e-01
3.008 2.534962e-01
3.009 -7.770328e-02
3.010 -2.906176e-01
3.011 -4.141942e-01
3.012 -5.133286e-01
3.013 -5.854817e-01
3.014 -5.477241e-01
3.015 -3.322348e-01
3.016 2.043494e-02
3.017 3.787109e-01
3.018 6.326770e-01
3.019 7.781547e-01
3.020 8.809028e-01
3.021 9.685076e-01
3.022 9.782517e-01
3.023 8.238031e-01
3.024 5.049102e-01
3.025 1.326106e-01
3.026 -1.623546e-01
3.027 -3.380749e-01
3.028 -4.479486e-01
3.029 -5.434040e-01
3.030 -5.899518e-01
3.031 -4.962734e-01
3.032 -2.243776e-01
3.033 1.463686e-01
3.034 4.776005e-01
3.035 6.905211e-01
3.036 8.140368e-01
3.037 9.132294e-01
3.038 9.853646e-01
3.039 9.476288e-01
3.040 7.321133e-01
3.041 3.794415e-01
3.042 2.121646e-02
3.043 -2.327720e-01
3.044 -3.782556e-01
3.045 -4.809798e-01
3.046 -5.685874e-01
3.047 -5.783430e-01
3.048 -4.238495e-01
3.049 -1.049638e-01
3.050 2.672832e-01
3.051 5.622446e-01
3.052 7.380253e-01
3.053 8.478628e-01
3.054 9.433293e-01
3.055 9.898778e-01
3.056 8.961964e-01
3.057 6.242843e-01
3.058 2.535624e-01
3.059 -7.764414e-02
3.060 -2.905406e-01
3.061 -4.141514e-01
3.062 -5.132979e-01
3.063 -5.854448e-01
3.064 -5.477174e-01
3.065 -3.321856e-01
3.066 2.050030e-02
3.067 3.786983e-01
3.068 6.327162e-01
3.069 7.781895e-01
3.070 8.809575e-01
3.071 9.685194e-01
3.072 9.782536e-01
3.073 8.238125e-01
3.074 5.048941e-01
3.075 1.326037e-01
3.076 -1.623387e-01
3.077 -3.381067e-01
3.078 -4.479995e-01
3.079 -5.434354e-01
3.080 -5.899853e-01
3.081 -4.962756e-01
3.082 -2.243887e-01
3.083 1.463409e-01
3.084 4.775265e-01
3.085 6.904626e-01
3.086 8.140204e-01
3.087 9.131721e-01
3.088 9.853212e-01
3.089 9.476059e-01
3.090 7.320681e-01
3.091 3.793614e-01
3.092 2.112619e-02
3.093 -2.328796e-01
3.094 -3.783399e-01
3.095 -4.810597e-01
3.096 -5.686764e-01
3.097 -5.784412e-01
3.098 -4.239615e-01
3.099 -1.050660e-01
3.100 2.671865e-01
3.101 5.621535e-01
3.102 7.379075e-01
3.103 8.477957e-01
3.104 9.432477e-01
3.105 9.897751e-01
3.106 8.961085e-01
3.107 6.242084e-01
3.108 2.534607e-01
3.109 -7.775686e-02
3.110 -2.906584e-01
3.111 -4.142235e-01
3.112 -5.134074e-01
3.113 -5.855317e-01
3.114 -5.477965e-01
3.115 -3.322597e-01
3.116 2.040758e-02
3.117 3.786379e-01
3.118 6.326350e-01
3.119 7.780953e-01
3.120 8.808449e-01
3.121 9.684248e-01
3.122 9.781756e-01
3.123 8.237034e-01
3.124 5.048176e-01
3.125 1.325275e-01
3.126 -1.623917e-01
3.127 -3.381893e-01
3.128 -4.480504e-01
3.129 -5.434880e-01
3.130 -5.900518e-01
3.131 -4.963747e-01
3.132 -2.244359e-01
3.133 1.462650e-01
3.134 4.774593e-01
3.135 6.904059e-01
3.136 8.139458e-01
3.137 9.130991e-01
3.138 9.852735e-01
3.139 9.475394e-01
3.140 7.320031e-01
3.141 3.793251e-01
3.142 2.108198e-02
3.143 -2.329411e-01
3.144 -3.783532e-01
3.145 -4.811176e-01
3.146 -5.687084e-01
3.147 -5.784535e-01
3.148 -4.239887e-01
3.149 -1.051030e-01
3.150 2.671695e-01
3.151 5.621240e-01
3.152 7.379163e-01
3.153 8.477708e-01
3.154 9.432067e-01
3.155 9.897499e-01
3.156 8.960413e-01
3.157 6.241699e-01
3.158 2.534521e-01
3.159 -7.777577e-02
3.160 -2.906528e-01
3.161 -4.142472e-01
3.162 -5.134140e-01
3.163 -5.855429e-01
3.164 -5.478060e-01
3.165 -3.322845e-01
3.166 2.038440e-02
3.167 3.786384e-01
3.168 6.326323e-01
3.169 7.781034e-01
3.170 8.808425e-01
3.171 9.684056e-01
3.172 9.781552e-01
3.173 8.237304e-01
3.174 5.048063e-01
3.175 1.325300e-01
3.176 -1.624212e-01
3.177 -3.381980e-01
3.178 -4.480821e-01
3.179 -5.435224e-01
3.180 -5.900569e-01
3.181 -4.963672e-01
3.182 -2.244482e-01
3.183 1.462501e-01
3.184 4.774476e-01
3.185 6.904005e-01
3.186 8.139402e-01
3.187 9.131203e-01
3.188 9.852574e-01
3.189 9.475295e-01
3.190 7.319859e-01
3.191 3.793432e-01
3.192 2.112670e-02
3.193 -2.328989e-01
3.194 -3.783726e-01
3.195 -4.811132e-01
3.196 -5.687317e-01
3.197 -5.784710e-01
3.198 -4.240176e-01
3.199 -1.050846e-01
3.200 2.672109e-01
3.201 5.621426e-01
3.202 7.378759e-01
3.203 8.477942e-01
3.204 9.431914e-01
3.205 9.897585e-01
3.206 8.961003e-01
3.207 6.241966e-01
3.208 2.534458e-01
3.209 -7.775732e-02
3.210 -2.906801e-01
3.211 -4.142488e-01
3.212 -5.134192e-01
3.213 -5.855290e-01
3.214 -5.478052e-01
3.215 -3.322901e-01
3.216 2.038245e-02
3.217 3.786209e-01
3.218 6.326589e-01
3.219 7.780905e-01
3.220 8.808378e-01
3.221 9.684651e-01
3.222 9.781552e-01
3.223 8.237221e-01
3.224 5.048382e-01
3.225 1.325390e-01
3.226 -1.624256e-01
3.227 -3.381818e-01
3.228 -4.480503e-01
3.229 -5.434911e-01
3.230 -5.900686e-01
3.231 -4.963486e-01
3.232 -2.244628e-01
3.233 1.462710e-01
3.234 4.774624e-01
3.235 6.904102e-01
3.236 8.139320e-01
3.237 9.131255e-01
3.238 9.852569e-01
3.239 9.475274e-01
3.240 7.319949e-01
3.241 3.793367e-01
3.242 2.106967e-02
3.243 -2.329498e-01
3.244 -3.783809e-01
3.245 -4.810999e-01
3.246 -5.687157e-01
3.247 -5.784802e-01
3.248 -4.239792e-01
3.249 -1.050975e-01
3.250 2.671758e-01
3.251 5.621324e-01
3.252 7.378818e-01
3.253 8.477692e-01
3.254 9.432157e-01
3.255 9.897900e-01
3.256 8.961011e-01
3.257 6.241804e-01
3.258 2.534456e-01
3.259 -7.774778e-02
3.260 -2.906962e-01
3.261 -4.142331e-01
3.262 -5.133962e-01
3.263 -5.855477e-01
3.264 -5.477724e-01
3.265 -3.322763e-01
3.266 2.041031e-02
3.267 3.786429e-01
3.268 6.326260e-01
3.269 7.780801e-01
3.270 8.808375e-01
3.271 9.684461e-01
3.272 9.781928e-01
3.273 8.237196e-01
3.274 5.048120e-01
3.275 1.325803e-01
3.276 -1.624035e-01
3.277 -3.381694e-01
3.278 -4.480104e-01
3.279 -5.434733e-01
3.280 -5.900478e-01
3.281 -4.963787e-01
3.282 -2.244578e-01
3.283 1.462680e-01
3.284 4.774558e-01
3.285 6.903794e-01
3.286 8.139451e-01
3.287 9.131047e-01
3.288 9.852821e-01
3.289 9.475400e-01
3.290 7.320202e-01
3.291 3.793384e-01
3.292 2.110852e-02
3.293 -2.328902e-01
3.294 -3.783852e-01
3.295 -4.811456e-01
3.296 -5.687064e-01
3.297 -5.784528e-01
3.298 -4.240245e-01
3.299 -1.050947e-01
3.300 2.672031e-01
3.301 5.621305e-01
3.302 7.378991e-01
3.303 8.477741e-01
3.304 9.432320e-01
3.305 9.897705e-01
3.306 8.961098e-01
3.307 6.241676e-01
3.308 2.534488e-01
3.309 -7.773974e-02
3.310 -2.906522e-01
3.311 -4.142255e-01
3.312 -5.134055e-01
3.313 -5.855449e-01
3.314 -5.477880e-01
3.315 -3.322731e-01
3.316 2.040897e-02
3.317 3.785981e-01
3.318 6.326378e-01
3.319 7.780988e-01
3.320 8.808485e-01
3.321 9.684449e-01
3.322 9.781750e-01
3.323 8.237355e-01
3.324 5.047935e-01
3.325 1.325727e-01
3.326 -1.624245e-01
3.327 -3.382061e-01
3.328 -4.480339e-01
3.329 -5.435049e-01
3.330 -5.900088e-01
3.331 -4.963417e-01
3.332 -2.244516e-01
3.333 1.462685e-01
3.334 4.774792e-01
3.335 6.904285e-01
3.336 8.139842e-01
3.337 9.131484e-01
3.338 9.852760e-01
3.339 9.475225e-01
3.340 7.320222e-01
3.341 3.793514e-01
3.342 2.112273e-02
3.343 -2.328763e-01
3.344 -3.783550e-01
3.345 -4.811078e-01
3.346 -5.686674e-01
3.347 -5.784575e-01
3.348 -4.239905e-01
3.349 -1.050702e-01
3.350 2.671771e-01
3.351 5.621461e-01
3.352 7.378939e-01
3.353 8.477697e-01
3.354 9.432355e-01
3.355 9.897639e-01
3.356 8.960947e-01
3.357 6.241908e-01
3.358 2.534525e-01
3.359 -7.775387e-02
3.360 -2.906495e-01
3.361 -4.142300e-01
3.362 -5.133631e-01
3.363 -5.855290e-01
3.364 -5.477936e-01
3.365 -3.322764e-01
3.366 2.043182e-02
3.367 3.786766e-01
3.368 6.326630e-01
3.369 7.781094e-01
3.370 8.808839e-01
3.371 9.684645e-01
3.372 9.781936e-01
3.373 8.237449e-01
3.374 5.048312e-01
3.375 1.325414e-01
3.376 -1.624064e-01
3.377 -3.381876e-01
3.378 -4.480280e-01
3.379 -5.434485e-01
3.380 -5.900381e-01
3.381 -4.963489e-01
3.382 -2.244713e-01
3.383 1.462781e-01
3.384 4.774737e-01
3.385 6.904159e-01
3.386 8.139732e-01
3.387 9.131370e-01
3.388 9.852789e-01
3.389 9.475738e-01
3.390 7.320248e-01
3.391 3.793526e-01
3.392 2.110362e-02
3.393 -2.328926e-01
3.394 -3.783558e-01
3.395 -4.810935e-01
3.396 -5.686626e-01
3.397 -5.784447e-01
3.398 -4.239636e-01
3.399 -1.050730e-01
3.400 2.671962e-01
3.401 5.621548e-01
3.402 7.379213e-01
3.403 8.477853e-01
3.404 9.432352e-01
3.405 9.897811e-01
3.406 8.961115e-01
3.407 6.241806e-01
3.408 2.534611e-01
3.409 -7.772847e-02
3.410 -2.906391e-01
3.411 -4.141817e-01
3.412 -5.134010e-01
3.413 -5.855098e-01
3.414 -5.477745e-01
3.415 -3.322857e-01
3.416 2.040878e-02
3.417 3.786347e-01
3.418 6.326661e-01
3.419 7.781149e-01
3.420 8.808787e-01
3.421 9.684466e-01
3.422 9.781779e-01
3.423 8.237115e-01
3.424 5.048283e-01
3.425 1.325887e-01
3.426 -1.624042e-01
3.427 -3.381487e-01
3.428 -4.480195e-01
3.429 -5.434782e-01
3.430 -5.900259e-01
3.431 -4.963253e-01
3.432 -2.244194e-01
3.433 1.462851e-01
3.434 4.774845e-01
3.435 6.904249e-01
3.436 8.139698e-01
3.437 9.131252e-01
3.438 9.853026e-01
3.439 9.475174e-01
3.440 7.320281e-01
3.441 3.793381e-01
3.442 2.110825e-02
3.443 -2.328909e-01
3.444 -3.783620e-01
3.445 -4.811076e-01
3.446 -5.686958e-01
3.447 -5.784256e-01
3.448 -4.239868e-01
3.449 -1.050684e-01
3.450 2.671897e-01
3.451 5.621866e-01
3.452 7.379031e-01
3.453 8.477854e-01
3.454 9.432272e-01
3.455 9.897927e-01
3.456 8.961072e-01
3.457 6.242418e-01
3.458 2.534926e-01
3.459 -7.773691e-02
3.460 -2.906275e-01
3.461 -4.141940e-01
3.462 -5.133503e-01
3.463 -5.855266e-01
3.464 -5.477729e-01
3.465 -3.322405e-01
3.466 2.042661e-02
3.467 3.786868e-01
3.468 6.326446e-01
3.469 7.781496e-01
3.470 8.808865e-01
3.471 9.684930e-01
3.472 9.782014e-01
3.473 8.237770e-01
3.474 5.048764e-01
3.475 1.326170e-01
3.476 -1.623506e-01
3.477 -3.381000e-01
3.478 -4.479966e-01
3.479 -5.434123e-01
3.480 -5.899617e-01
3.481 -4.962981e-01
3.482 -2.243863e-01
3.483 1.463663e-01
3.484 4.775595e-01
3.485 6.904376e-01
3.486 8.140169e-01
3.487 9.132086e-01
3.488 9.853522e-01
3.489 9.476118e-01
3.490 7.320786e-01
3.491 3.794075e-01
3.492 2.116637e-02
3.493 -2.328138e-01
3.494 -3.783103e-01
3.495 -4.810286e-01
3.496 -5.686197e-01
3.497 -5.783799e-01
3.498 -4.238867e-01
3.499 -1.049966e-01
3.500 2.672542e-01
3.501 5.622398e-01
3.502 7.379659e-01
3.503 8.478457e-01
3.504 9.432722e-01
3.505 9.898420e-01
3.506 8.961526e-01
3.507 6.242382e-01
3.508 2.535031e-01
3.509 -7.767084e-02
3.510 -2.906107e-01
3.511 -4.141841e-01
3.512 -5.133235e-01
3.513 -5.854883e-01
3.514 -5.477353e-01
3.515 -3.322048e-01
3.516 2.045958e-02
3.517 3.786906e-01
3.518 6.326758e-01
3.519 7.781155e-01
3.520 8.808887e-01
3.521 9.684741e-01
3.522 9.782170e-01
3.523 8.237668e-01
3.524 5.048402e-01
3.525 1.325859e-01
3.526 -1.623422e-01
3.527 -3.381207e-01
3.528 -4.479819e-01
3.529 -5.434489e-01
3.530 -5.900087e-01
3.531 -4.962938e-01
3.532 -2.244299e-01
3.533 1.463076e-01
3.534 4.774974e-01
3.535 6.904692e-01
3.536 8.139893e-01
3.537 9.131886e-01
3.538 9.853148e-01
3.539 9.475647e-01
3.540 7.320425e-01
3.541 3.794067e-01
3.542 2.112651e-02
3.543 -2.328905e-01
3.544 -3.783463e-01
3.545 -4.810617e-01
3.546 -5.686800e-01
3.547 -5.784153e-01
3.548 -4.239177e-01
3.549 -1.050343e-01
3.550 2.672111e-01
3.551 5.621672e-01
3.552 7.379091e-01
3.553 8.477917e-01
3.554 9.432569e-01
3.555 9.897968e-01
3.556 8.961526e-01
3.557 6.241885e-01
3.558 2.534839e-01
3.559 -7.766970e-02
3.560 -2.906703e-01
3.561 -4.141768e-01
3.562 -5.133615e-01
3.563 -5.854976e-01
3.564 -5.477586e-01
3.565 -3.322108e-01
3.566 2.042342e-02
3.567 3.786712e-01
3.568 6.326824e-01
3.569 7.781557e-01
3.570 8.808821e-01
3.571 9.684982e-01
3.572 9.782179e-01
3.573 8.237672e-01
3.574 5.048278e-01
3.575 1.325898e-01
3.576 -1.623594e-01
3.577 -3.381387e-01
3.578 -4.479711e-01
3.579 -5.434324e-01
3.580 -5.899819e-01
3.581 -4.963284e-01
3.582 -2.243727e-01
3.583 1.463273e-01
3.584 4.775423e-01
3.585 6.904362e-01
3.586 8.139641e-01
3.587 9.131886e-01
3.588 9.853314e-01
3.589 9.475996e-01
3.590 7.320482e-01
3.591 3.793825e-01
3.592 2.113008e-02
3.593 -2.328429e-01
3.594 -3.783093e-01
3.595 -4.810723e-01
3.596 -5.686396e-01
3.597 -5.783984e-01
3.598 -4.239532e-01
3.599 -1.050460e-01
3.600 2.672067e-01
3.601 5.621984e-01
3.602 7.379409e-01
3.603 8.478488e-01
3.604 9.432546e-01
3.605 9.898166e-01
3.606 8.961464e-01
3.607 6.242260e-01
3.608 2.534945e-01
3.609 -7.768353e-02
3.610 -2.906010e-01
3.611 -4.141560e-01
3.612 -5.133203e-01
3.613 -5.854980e-01
3.614 -5.477614e-01
3.615 -3.322241e-01
3.616 2.045427e-02
3.617 3.786642e-01
3.618 6.326492e-01
3.619 7.781665e-01
3.620 8.809232e-01
3.621 9.685079e-01
3.622 9.782295e-01
3.623 8.237930e-01
3.624 5.048579e-01
3.625 1.326001e-01
3.626 -1.623872e-01
3.627 -3.380853e-01
3.628 -4.479809e-01
3.629 -5.434284e-01
3.630 -5.900326e-01
3.631 -4.963226e-01
3.632 -2.244066e-01
3.633 1.463128e-01
3.634 4.775211e-01
3.635 6.904689e-01
3.636 8.140318e-01
3.637 9.131822e-01
3.638 9.853359e-01
3.639 9.475911e-01
3.640 7.320217e-01
3.641 3.793388e-01
3.642 2.108818e-02
3.643 -2.328766e-01
3.644 -3.783532e-01
3.645 -4.810924e-01
3.646 -5.686750e-01
3.647 -5.784005e-01
3.648 -4.239149e-01
3.649 -1.050113e-01
3.650 2.672767e-01
3.651 5.622469e-01
3.652 7.380770e-01
3.653 8.479784e-01
3.654 9.434715e-01
3.655 9.900622e-01
3.656 8.964423e-01
3.657 6.245684e-01
3.658 2.538888e-01
3.659 -7.727035e-02
3.660 -2.901770e-01
3.661 -4.137025e-01
3.662 -5.128340e-01
3.663 -5.850098e-01
3.664 -5.472348e-01
3.665 -3.317376e-01
3.666 2.093879e-02
3.667 3.791150e-01
3.668 6.330940e-01
3.669 7.785467e-01
3.670 8.812285e-01
3.671 9.687922e-01
3.672 9.784746e-01
3.673 8.239534e-01
3.674 5.050079e-01
3.675 1.327242e-01
3.676 -1.622974e-01
3.677 -3.380922e-01
3.678 -4.480079e-01
3.679 -5.434813e-01
3.680 -5.900599e-01
3.681 -4.963786e-01
3.682 -2.245227e-01
3.683 1.462085e-01
3.684 4.774074e-01
3.685 6.903321e-01
3.686 8.138770e-01
3.687 9.130746e-01
3.688 9.852380e-01
3.689 9.474889e-01
3.690 7.319846e-01
3.691 3.793281e-01
3.692 2.108235e-02
3.693 -2.329042e-01
3.694 -3.783964e-01
3.695 -4.810713e-01
3.696 -5.686319e-01
3.697 -5.783988e-01
3.698 -4.239514e-01
3.699 -1.050056e-01
3.700 2.672527e-01
3.701 5.621965e-01
3.702 7.379682e-01
3.703 8.478226e-01
3.704 9.432755e-01
3.705 9.898270e-01
3.706 8.961638e-01
3.707 6.242480e-01
3.708 2.535185e-01
3.709 -7.767817e-02
3.710 -2.906277e-01
3.711 -4.141175e-01
3.712 -5.133419e-01
3.713 -5.854693e-01
3.714 -5.477356e-01
3.715 -3.321985e-01
3.716 2.044801e-02
3.717 3.786835e-01
3.718 6.326926e-01
3.719 7.781740e-01
3.720 8.809301e-01
3.721 9.684986e-01
3.722 9.782580e-01
3.723 8.237999e-01
3.724 5.048991e-01
3.725 1.326377e-01
3.726 -1.623069e-01
3.727 -3.380743e-01
3.728 -4.479710e-01
3.729 -5.433777e-01
3.730 -5.899480e-01
3.731 -4.962972e-01
3.732 -2.243790e-01
3.733 1.463387e-01
3.734 4.775760e-01
3.735 6.904607e-01
3.736 8.140248e-01
3.737 9.132234e-01
3.738 9.853453e-01
3.739 9.476012e-01
3.740 7.320924e-01
3.741 3.793800e-01
3.742 2.114363e-02
3.743 -2.328343e-01
3.744 -3.782958e-01
3.745 -4.810507e-01
3.746 -5.686426e-01
3.747 -5.783624e-01
3.748 -4.239092e-01
3.749 -1.049979e-01
3.750 2.672605e-01
3.751 5.622216e-01
3.752 7.379762e-01
3.753 8.478283e-01
3.754 9.433075e-01
3.755 9.898442e-01
3.756 8.961644e-01
3.757 6.242623e-01
3.758 2.535338e-01
3.759 -7.769837e-02
3.760 -2.905872e-01
3.761 -4.141173e-01
3.762 -5.132801e-01
3.763 -5.854487e-01
3.764 -5.477348e-01
3.765 -3.321962e-01
3.766 2.048570e-02
3.767 3.786969e-01
3.768 6.327228e-01
3.769 7.781922e-01
3.770 8.809171e-01
3.771 9.685082e-01
3.772 9.782729e-01
3.773 8.238007e-01
3.774 5.049190e-01
3.775 1.326352e-01
3.776 -1.623493e-01
3.777 -3.381005e-01
3.778 -4.479285e-01
3.779 -5.434121e-01
3.780 -5.899472e-01
3.781 -4.962802e-01
3.782 -2.243621e-01
3.783 1.463918e-01
3.784 4.775417e-01
3.785 6.904630e-01
3.786 8.140635e-01
3.787 9.132004e-01
3.788 9.853575e-01
3.789 9.475925e-01
3.790 7.320968e-01
3.791 3.794206e-01
3.792 2.116795e-02
3.793 -2.328044e-01
3.794 -3.782645e-01
3.795 -4.810281e-01
3.796 -5.686068e-01
3.797 -5.783305e-01
3.798 -4.238961e-01
3.799 -1.049852e-01
3.800 2.672823e-01
3.801 5.622216e-01
3.802 7.379504e-01
3.803 8.478712e-01
3.804 9.433111e-01
3.805 9.898659e-01
3.806 8.961912e-01
3.807 6.242901e-01
3.808 2.535526e-01
3.809 -7.764584e-02
3.810 -2.906060e-01
3.811 -4.141377e-01
3.812 -5.132949e-01
3.813 -5.854451e-01
3.814 -5.476658e-01
3.815 -3.321717e-01
3.816 2.048903e-02
3.817 3.787632e-01
3.818 6.327318e-01
3.819 7.782054e-01
3.820 8.809473e-01
3.821 9.685492e-01
3.822 9.783108e-01
3.823 8.238381e-01
3.824 5.049194e-01
3.825 1.326736e-01
3.826 -1.622914e-01
3.827 -3.380680e-01
3.828 -4.479373e-01
3.829 -5.433744e-01
3.830 -5.899409e-01
3.831 -4.962329e-01
3.832 -2.243145e-01
3.833 1.463999e-01
3.834 4.776042e-01
3.835 6.905422e-01
3.836 8.141181e-01
3.837 9.132500e-01
3.838 9.854230e-01
3.839 9.476661e-01
3.840 7.321415e-01
3.841 3.795108e-01
3.842 2.122916e-02
3.843 -2.327387e-01
3.844 -3.782146e-01
3.845 -4.809639e-01
3.846 -5.685407e-01
3.847 -5.782814e-01
3.848 -4.238187e-01
3.849 -1.048938e-01
3.850 2.673454e-01
3.851 5.623275e-01
3.852 7.380821e-01
3.853 8.479415e-01
3.854 9.433804e-01
3.855 9.899737e-01
3.856 8.962947e-01
3.857 6.243771e-01
3.858 2.536308e-01
3.859 -7.754722e-02
3.860 -2.904767e-01
3.861 -4.140127e-01
3.862 -5.132059e-01
3.863 -5.853451e-01
3.864 -5.476034e-01
3.865 -3.320781e-01
3.866 2.062761e-02
3.867 3.788334e-01
3.868 6.328466e-01
3.869 7.783084e-01
3.870 8.810404e-01
3.871 9.686633e-01
3.872 9.784175e-01
3.873 8.239303e-01
3.874 5.050468e-01
3.875 1.327751e-01
3.876 -1.621881e-01
3.877 -3.379438e-01
3.878 -4.478061e-01
3.879 -5.432518e-01
3.880 -5.897906e-01
3.881 -4.961427e-01
3.882 -2.242104e-01
3.883 1.465198e-01
3.884 4.777184e-01
3.885 6.906322e-01
3.886 8.141898e-01
3.887 9.133475e-01
3.888 9.854848e-01
3.889 9.477535e-01
3.890 7.322309e-01
3.891 3.795800e-01
3.892 2.130652e-02
3.893 -2.326923e-01
3.894 -3.781454e-01
3.895 -4.809001e-01
3.896 -5.684969e-01
3.897 -5.782345e-01
3.898 -4.237726e-01
3.899 -1.048701e-01
3.900 2.674085e-01
3.901 5.623696e-01
3.902 7.381117e-01
3.903 8.479648e-01
3.904 9.433972e-01
3.905 9.899856e-01
3.906 8.962926e-01
3.907 6.243592e-01
3.908 2.536709e-01
3.909 -7.755239e-02
3.910 -2.904533e-01
3.911 -4.140133e-01
3.912 -5.132019e-01
3.913 -5.853388e-01
3.914 -5.476082e-01
3.915 -3.320660e-01
3.916 2.058094e-02
3.917 3.788131e-01
3.918 6.328264e-01
3.919 7.783201e-01
3.920 8.810242e-01
3.921 9.686265e-01
3.922 9.783698e-01
3.923 8.239019e-01
3.924 5.049769e-01
3.925 1.326991e-01
3.926 -1.622461e-01
3.927 -3.379968e-01
3.928 -4.478663e-01
3.929 -5.433228e-01
3.930 -5.898717e-01
3.931 -4.961735e-01
3.932 -2.242974e-01
3.933 1.464119e-01
3.934 4.776377e-01
3.935 6.905704e-01
3.936 8.140875e-01
3.937 9.132868e-01
3.938 9.853886e-01
3.939 9.476662e-01
3.940 7.321404e-01
3.941 3.794893e-01
3.942 2.121951e-02
3.943 -2.327566e-01
3.944 -3.782081e-01
3.945 -4.809760e-01
3.946 -5.685665e-01
3.947 -5.783084e-01
3.948 -4.238642e-01
3.949 -1.049461e-01
3.950 2.673113e-01
3.951 5.622714e-01
3.952 7.380433e-01
3.953 8.479212e-01
3.954 9.433411e-01
3.955 9.899150e-01
3.956 8.962372e-01
3.957 6.242774e-01
3.958 2.535991e-01
3.959 -7.763183e-02
3.960 -2.905245e-01
3.961 -4.140735e-01
3.962 -5.132695e-01
3.963 -5.853998e-01
3.964 -5.476450e-01
3.965 -3.321841e-01
3.966 2.052895e-02
3.967 3.787493e-01
3.968 6.327590e-01
3.969 7.782400e-01
3.970 8.809675e-01
3.971 9.685823e-01
3.972 9.783084e-01
3.973 8.238458e-01
3.974 5.049204e-01
3.975 1.327088e-01
3.976 -1.622926e-01
3.977 -3.380276e-01
3.978 -4.479151e-01
3.979 -5.433305e-01
3.980 -5.899308e-01
3.981 -4.962369e-01
3.982 -2.243134e-01
3.983 1.464155e-01
3.984 4.776114e-01
3.985 6.905353e-01
3.986 8.140614e-01
3.987 9.132605e-01
3.988 9.853950e-01
3.989 9.476566e-01
3.990 7.321437e-01
3.991 3.794037e-01
3.992 2.122461e-02
3.993 -2.327515e-01
3.994 -3.782423e-01
3.995 -4.809742e-01
3.996 -5.685787e-01
3.997 -5.783360e-01
3.998 -4.238553e-01
3.999 -1.049188e-01
4.000 2.673253e-01
