0.000 -5.269211e-02
0.001 2.422566e-01
0.002 4.180500e-01
0.003 5.278905e-01
0.004 6.233489e-01
0.005 6.699240e-01
0.006 5.762168e-01
0.007 3.043044e-01
0.008 -6.642083e-02
0.009 -3.975931e-01
0.010 -6.105357e-01
0.011 -7.340942e-01
0.012 -8.332854e-01
0.013 -9.054013e-01
0.014 -8.676710e-01
0.015 -6.521356e-01
0.016 -2.994677e-01
0.017 5.879097e-02
0.018 3.127761e-01
0.019 4.582286e-01
0.020 5.609803e-01
0.021 6.485568e-01
0.022 6.583049e-01
0.023 5.038542e-01
0.024 1.849366e-01
0.025 -1.873430e-01
0.026 -4.822832e-01
0.027 -6.580404e-01
0.028 -7.678985e-01
0.029 -8.633550e-01
0.030 -9.099163e-01
0.031 -8.162136e-01
0.032 -5.443237e-01
0.033 -1.735991e-01
0.034 1.575912e-01
0.035 3.705340e-01
0.036 4.940779e-01
0.037 5.932728e-01
0.038 6.653742e-01
0.039 6.276617e-01
0.040 4.121416e-01
0.041 5.946616e-02
0.042 -2.987775e-01
0.043 -5.527811e-01
0.044 -6.982336e-01
0.045 -8.010197e-01
0.046 -8.885904e-01
0.047 -8.983112e-01
0.048 -7.438458e-01
0.049 -4.249271e-01
0.050 -5.266608e-02
0.051 2.422506e-01
0.052 4.180254e-01
0.053 5.278958e-01
0.054 6.233364e-01
0.055 6.698744e-01
0.056 5.762280e-01
0.057 3.042871e-01
0.058 -6.641570e-02
0.059 -3.976419e-01
0.060 -6.105453e-01
0.061 -7.341066e-01
0.062 -8.332989e-01
0.063 -9.054262e-01
0.064 -8.676630e-01
0.065 -6.521696e-01
0.066 -2.994820e-01
0.067 5.876647e-02
0.068 3.127673e-01
0.069 4.582479e-01
0.070 5.609684e-01
0.071 6.485713e-01
0.072 6.583443e-01
0.073 5.038190e-01
0.074 1.848969e-01
0.075 -1.873343e-01
0.076 -4.822794e-01
0.077 -6.580600e-01
0.078 -7.679564e-01
0.079 -8.633691e-01
0.080 -9.099444e-01
0.081 -8.162503e-01
0.082 -5.443181e-01
0.083 -1.736119e-01
0.084 1.575671e-01
0.085 3.705233e-01
0.086 4.940839e-01
0.087 5.932577e-01
0.088 6.654014e-01
0.089 6.276276e-01
0.090 4.121200e-01
0.091 5.946069e-02
0.092 -2.987819e-01
0.093 -5.527921e-01
0.094 -6.982651e-01
0.095 -8.010236e-01
0.096 -8.885987e-01
0.097 -8.983094e-01
0.098 -7.438704e-01
0.099 -4.249700e-01
0.100 -5.272068e-02
0.101 2.422741e-01
0.102 4.180049e-01
0.103 5.278775e-01
0.104 6.233410e-01
0.105 6.699011e-01
0.106 5.762133e-01
0.107 3.043134e-01
0.108 -6.641135e-02
0.109 -3.976550e-01
0.110 -6.105455e-01
0.111 -7.341146e-01
0.112 -8.332988e-01
0.113 -9.054269e-01
0.114 -8.677015e-01
0.115 -6.521492e-01
0.116 -2.995100e-01
0.117 5.874170e-02
0.118 3.127411e-01
0.119 4.581972e-01
0.120 5.609430e-01
0.121 6.485605e-01
0.122 6.582620e-01
0.123 5.038158e-01
0.124 1.849323e-01
0.125 -1.873230e-01
0.126 -4.823073e-01
0.127 -6.580795e-01
0.128 -7.679716e-01
0.129 -8.633933e-01
0.130 -9.099378e-01
0.131 -8.162652e-01
0.132 -5.443624e-01
0.133 -1.736476e-01
0.134 1.575815e-01
0.135 3.704904e-01
0.136 4.940356e-01
0.137 5.932239e-01
0.138 6.653462e-01
0.139 6.275753e-01
0.140 4.120738e-01
0.141 5.938989e-02
0.142 -2.988102e-01
0.143 -5.528507e-01
0.144 -6.983123e-01
0.145 -8.010465e-01
0.146 -8.886328e-01
0.147 -8.984089e-01
0.148 -7.439273e-01
0.149 -4.250237e-01
0.150 -5.276801e-02
0.151 2.421984e-01
0.152 4.179301e-01
0.153 5.278173e-01
0.154 6.232917e-01
0.155 6.698131e-01
0.156 5.761458e-01
0.157 3.042383e-01
0.158 -6.653095e-02
0.159 -3.977038e-01
0.160 -6.106261e-01
0.161 -7.341776e-01
0.162 -8.333525e-01
0.163 -9.055060e-01
0.164 -8.677543e-01
0.165 -6.522301e-01
0.166 -2.995317e-01
0.167 5.868977e-02
0.168 3.127003e-01
0.169 4.581843e-01
0.170 5.608958e-01
0.171 6.484766e-01
0.172 6.582791e-01
0.173 5.037622e-01
0.174 1.848685e-01
0.175 -1.873643e-01
0.176 -4.823474e-01
0.177 -6.580834e-01
0.178 -7.679612e-01
0.179 -8.634176e-01
0.180 -9.099680e-01
0.181 -8.162909e-01
0.182 -5.443785e-01
0.183 -1.736745e-01
0.184 1.575781e-01
0.185 3.704646e-01
0.186 4.940364e-01
0.187 5.931991e-01
0.188 6.653320e-01
0.189 6.276157e-01
0.190 4.121118e-01
0.191 5.940805e-02
0.192 -2.988289e-01
0.193 -5.528489e-01
0.194 -6.983257e-01
0.195 -8.010343e-01
0.196 -8.886357e-01
0.197 -8.983368e-01
0.198 -7.439073e-01
0.199 -4.250031e-01
0.200 -5.273016e-02
0.201 2.421912e-01
0.202 4.179594e-01
0.203 5.278497e-01
0.204 6.232975e-01
0.205 6.698464e-01
0.206 5.761752e-01
0.207 3.042938e-01
0.208 -6.646823e-02
0.209 -3.976678e-01
0.210 -6.105775e-01
0.211 -7.341573e-01
0.212 -8.333169e-01
0.213 -9.054667e-01
0.214 -8.677438e-01
0.215 -6.522156e-01
0.216 -2.995210e-01
0.217 5.874634e-02
0.218 3.127173e-01
0.219 4.582095e-01
0.220 5.609531e-01
0.221 6.485358e-01
0.222 6.582513e-01
0.223 5.038232e-01
0.224 1.848659e-01
0.225 -1.873342e-01
0.226 -4.823323e-01
0.227 -6.580844e-01
0.228 -7.679742e-01
0.229 -8.633902e-01
0.230 -9.099449e-01
0.231 -8.162648e-01
0.232 -5.443856e-01
0.233 -1.736157e-01
0.234 1.575669e-01
0.235 3.704659e-01
0.236 4.940008e-01
0.237 5.932380e-01
0.238 6.653402e-01
0.239 6.276374e-01
0.240 4.121005e-01
0.241 5.940847e-02
0.242 -2.988381e-01
0.243 -5.528263e-01
0.244 -6.982980e-01
0.245 -8.010188e-01
0.246 -8.886210e-01
0.247 -8.983807e-01
0.248 -7.439103e-01
0.249 -4.249997e-01
0.250 -5.273664e-02
0.251 2.422480e-01
0.252 4.179729e-01
0.253 5.278280e-01
0.254 6.232830e-01
0.255 6.698292e-01
0.256 5.761709e-01
0.257 3.042650e-01
0.258 -6.646118e-02
0.259 -3.976624e-01
0.260 -6.106092e-01
0.261 -7.341595e-01
0.262 -8.333430e-01
0.263 -9.054583e-01
0.264 -8.677233e-01
0.265 -6.521950e-01
0.266 -2.995525e-01
0.267 5.870278e-02
0.268 3.127222e-01
0.269 4.581963e-01
0.270 5.609103e-01
0.271 6.485007e-01
0.272 6.582432e-01
0.273 5.037844e-01
0.274 1.848499e-01
0.275 -1.873914e-01
0.276 -4.823078e-01
0.277 -6.580845e-01
0.278 -7.679678e-01
0.279 -8.634131e-01
0.280 -9.099379e-01
0.281 -8.163117e-01
0.282 -5.443740e-01
0.283 -1.736548e-01
0.284 1.575575e-01
0.285 3.704768e-01
0.286 4.940350e-01
0.287 5.932222e-01
0.288 6.653338e-01
0.289 6.276453e-01
0.290 4.120634e-01
0.291 5.940291e-02
0.292 -2.988189e-01
0.293 -5.528309e-01
0.294 -6.982970e-01
0.295 -8.010642e-01
0.296 -8.886708e-01
0.297 -8.983840e-01
0.298 -7.439210e-01
0.299 -4.250092e-01
0.300 -5.276676e-02
0.301 2.422108e-01
0.302 4.179937e-01
0.303 5.278505e-01
0.304 6.233000e-01
0.305 6.698292e-01
0.306 5.761994e-01
0.307 3.042538e-01
0.308 -6.646148e-02
0.309 -3.976514e-01
0.310 -6.105666e-01
0.311 -7.341054e-01
0.312 -8.333047e-01
0.313 -9.054676e-01
0.314 -8.676949e-01
0.315 -6.522567e-01
0.316 -2.995747e-01
0.317 5.864741e-02
0.318 3.125979e-01
0.319 4.580310e-01
0.320 5.607415e-01
0.321 6.482775e-01
0.322 6.579924e-01
0.323 5.034758e-01
0.324 1.845290e-01
0.325 -1.877773e-01
0.326 -4.827863e-01
0.327 -6.585781e-01
0.328 -7.684837e-01
0.329 -8.639234e-01
0.330 -9.104797e-01
0.331 -8.167677e-01
0.332 -5.448783e-01
0.333 -1.741155e-01
0.334 1.570962e-01
0.335 3.700620e-01
0.336 4.936403e-01
0.337 5.928946e-01
0.338 6.650575e-01
0.339 6.273844e-01
0.340 4.119067e-01
0.341 5.930818e-02
0.342 -2.989307e-01
0.343 -5.528964e-01
0.344 -6.983250e-01
0.345 -8.009874e-01
0.346 -8.885928e-01
0.347 -8.983083e-01
0.348 -7.438284e-01
0.349 -4.248926e-01
0.350 -5.261088e-02
0.351 2.423485e-01
0.352 4.180859e-01
0.353 5.279556e-01
0.354 6.234190e-01
0.355 6.699332e-01
0.356 5.762486e-01
0.357 3.043050e-01
0.358 -6.642524e-02
0.359 -3.976366e-01
0.360 -6.105590e-01
0.361 -7.341350e-01
0.362 -8.333182e-01
0.363 -9.054704e-01
0.364 -8.676931e-01
0.365 -6.522110e-01
0.366 -2.995252e-01
0.367 5.872232e-02
0.368 3.127237e-01
0.369 4.582086e-01
0.370 5.609110e-01
0.371 6.485054e-01
0.372 6.582299e-01
0.373 5.037718e-01
0.374 1.848648e-01
0.375 -1.874097e-01
0.376 -4.823119e-01
0.377 -6.581302e-01
0.378 -7.679850e-01
0.379 -8.634339e-01
0.380 -9.099442e-01
0.381 -8.163271e-01
0.382 -5.443948e-01
0.383 -1.736576e-01
0.384 1.575285e-01
0.385 3.704670e-01
0.386 4.940121e-01
0.387 5.931817e-01
0.388 6.653366e-01
0.389 6.275804e-01
0.390 4.120635e-01
0.391 5.937948e-02
0.392 -2.988631e-01
0.393 -5.528630e-01
0.394 -6.983228e-01
0.395 -8.011043e-01
0.396 -8.886611e-01
0.397 -8.983724e-01
0.398 -7.439675e-01
0.399 -4.250305e-01
0.400 -5.275750e-02
0.401 2.421953e-01
0.402 4.179270e-01
0.403 5.278038e-01
0.404 6.232773e-01
0.405 6.698111e-01
0.406 5.761510e-01
0.407 3.042462e-01
0.408 -6.650066e-02
0.409 -3.977021e-01
0.410 -6.105965e-01
0.411 -7.341423e-01
0.412 -8.333616e-01
0.413 -9.055208e-01
0.414 -8.677586e-01
0.415 -6.522372e-01
0.416 -2.995684e-01
0.417 5.867904e-02
0.418 3.126530e-01
0.419 4.581402e-01
0.420 5.608924e-01
0.421 6.484772e-01
0.422 6.582150e-01
0.423 5.037597e-01
0.424 1.848729e-01
0.425 -1.874109e-01
0.426 -4.823688e-01
0.427 -6.581265e-01
0.428 -7.680155e-01
0.429 -8.634495e-01
0.430 -9.099716e-01
0.431 -8.163123e-01
0.432 -5.444185e-01
0.433 -1.736906e-01
0.434 1.575146e-01
0.435 3.704696e-01
0.436 4.939898e-01
0.437 5.931842e-01
0.438 6.653237e-01
0.439 6.275642e-01
0.440 4.120300e-01
0.441 5.937511e-02
0.442 -2.988486e-01
0.443 -5.528806e-01
0.444 -6.983442e-01
0.445 -8.010713e-01
0.446 -8.886654e-01
0.447 -8.984177e-01
0.448 -7.439312e-01
0.449 -4.250085e-01
0.450 -5.276587e-02
0.451 2.421743e-01
0.452 4.179504e-01
0.453 5.278226e-01
0.454 6.232193e-01
0.455 6.697899e-01
0.456 5.761347e-01
0.457 3.042090e-01
0.458 -6.648713e-02
0.459 -3.977326e-01
0.460 -6.106595e-01
0.461 -7.341923e-01
0.462 -8.333622e-01
0.463 -9.055179e-01
0.464 -8.677760e-01
0.465 -6.522713e-01
0.466 -2.995787e-01
0.467 5.867401e-02
0.468 3.126599e-01
0.469 4.581420e-01
0.470 5.608490e-01
0.471 6.484672e-01
0.472 6.582106e-01
0.473 5.037375e-01
0.474 1.848498e-01
0.475 -1.874136e-01
0.476 -4.823632e-01
0.477 -6.581517e-01
0.478 -7.679958e-01
0.479 -8.634505e-01
0.480 -9.100018e-01
0.481 -8.163106e-01
0.482 -5.444457e-01
0.483 -1.736965e-01
0.484 1.575035e-01
0.485 3.704304e-01
0.486 4.939811e-01
0.487 5.931542e-01
0.488 6.652531e-01
0.489 6.275374e-01
0.490 4.120272e-01
0.491 5.934184e-02
0.492 -2.988922e-01
0.493 -5.528897e-01
0.494 -6.983789e-01
0.495 -8.011000e-01
0.496 -8.887407e-01
0.497 -8.984576e-01
0.498 -7.440109e-01
0.499 -4.250669e-01
0.500 -5.282768e-02
0.501 2.421186e-01
0.502 4.179086e-01
0.503 5.277971e-01
0.504 6.232157e-01
0.505 6.697474e-01
0.506 5.760712e-01
0.507 3.041480e-01
0.508 -6.658109e-02
0.509 -3.977527e-01
0.510 -6.106745e-01
0.511 -7.342602e-01
0.512 -8.334258e-01
0.513 -9.055970e-01
0.514 -8.678052e-01
0.515 -6.523185e-01
0.516 -2.996668e-01
0.517 5.857875e-02
0.518 3.125802e-01
0.519 4.580427e-01
0.520 5.607631e-01
0.521 6.483950e-01
0.522 6.581084e-01
0.523 5.036633e-01
0.524 1.847717e-01
0.525 -1.875326e-01
0.526 -4.824908e-01
0.527 -6.582560e-01
0.528 -7.681400e-01
0.529 -8.635664e-01
0.530 -9.100902e-01
0.531 -8.164278e-01
0.532 -5.445372e-01
0.533 -1.738011e-01
0.534 1.574052e-01
0.535 3.702973e-01
0.536 4.938584e-01
0.537 5.930376e-01
0.538 6.651899e-01
0.539 6.274513e-01
0.540 4.119131e-01
0.541 5.926045e-02
0.542 -2.990171e-01
0.543 -5.530250e-01
0.544 -6.984692e-01
0.545 -8.012035e-01
0.546 -8.888114e-01
0.547 -8.985515e-01
0.548 -7.440890e-01
0.549 -4.252014e-01
0.550 -5.293281e-02
0.551 2.420278e-01
0.552 4.177641e-01
0.553 5.276230e-01
0.554 6.231280e-01
0.555 6.696526e-01
0.556 5.760091e-01
0.557 3.040717e-01
0.558 -6.664700e-02
0.559 -3.978294e-01
0.560 -6.107956e-01
0.561 -7.343207e-01
0.562 -8.334958e-01
0.563 -9.056450e-01
0.564 -8.679048e-01
0.565 -6.523872e-01
0.566 -2.996957e-01
0.567 5.853962e-02
0.568 3.125424e-01
0.569 4.580091e-01
0.570 5.607521e-01
0.571 6.483637e-01
0.572 6.581049e-01
0.573 5.036645e-01
0.574 1.847912e-01
0.575 -1.875039e-01
0.576 -4.824862e-01
0.577 -6.582315e-01
0.578 -7.681074e-01
0.579 -8.635576e-01
0.580 -9.101150e-01
0.581 -8.164153e-01
0.582 -5.445191e-01
0.583 -1.737782e-01
0.584 1.574232e-01
0.585 3.703736e-01
0.586 4.939215e-01
0.587 5.931045e-01
0.588 6.652188e-01
0.589 6.274854e-01
0.590 4.119592e-01
0.591 5.929880e-02
0.592 -2.989423e-01
0.593 -5.529318e-01
0.594 -6.984170e-01
0.595 -8.011322e-01
0.596 -8.887501e-01
0.597 -8.985220e-01
0.598 -7.440165e-01
0.599 -4.250763e-01
0.600 -5.283696e-02
0.601 2.421212e-01
0.602 4.178778e-01
0.603 5.277777e-01
0.604 6.231901e-01
0.605 6.697619e-01
0.606 5.760908e-01
0.607 3.041756e-01
0.608 -6.657544e-02
0.609 -3.977437e-01
0.610 -6.106968e-01
0.611 -7.342276e-01
0.612 -8.334030e-01
0.613 -9.055634e-01
0.614 -8.678128e-01
0.615 -6.522812e-01
0.616 -2.996241e-01
0.617 5.863475e-02
0.618 3.126266e-01
0.619 4.580973e-01
0.620 5.608218e-01
0.621 6.484500e-01
0.622 6.581840e-01
0.623 5.037327e-01
0.624 1.848031e-01
0.625 -1.874487e-01
0.626 -4.824218e-01
0.627 -6.581790e-01
0.628 -7.680341e-01
0.629 -8.634959e-01
0.630 -9.100483e-01
0.631 -8.163506e-01
0.632 -5.444344e-01
0.633 -1.737101e-01
0.634 1.574710e-01
0.635 3.704458e-01
0.636 4.939833e-01
0.637 5.931281e-01
0.638 6.652834e-01
0.639 6.275204e-01
0.640 4.120027e-01
0.641 5.935449e-02
0.642 -2.988996e-01
0.643 -5.528929e-01
0.644 -6.983652e-01
0.645 -8.010856e-01
0.646 -8.887351e-01
0.647 -8.984353e-01
0.648 -7.439701e-01
0.649 -4.250711e-01
0.650 -5.280179e-02
0.651 2.421409e-01
0.652 4.178724e-01
0.653 5.277983e-01
0.654 6.232307e-01
0.655 6.697841e-01
0.656 5.761067e-01
0.657 3.041937e-01
0.658 -6.652845e-02
0.659 -3.977255e-01
0.660 -6.106418e-01
0.661 -7.342032e-01
0.662 -8.333597e-01
0.663 -9.055229e-01
0.664 -8.677848e-01
0.665 -6.522480e-01
0.666 -2.995713e-01
0.667 5.863417e-02
0.668 3.126466e-01
0.669 4.581228e-01
0.670 5.608523e-01
0.671 6.484750e-01
0.672 6.581951e-01
0.673 5.037115e-01
0.674 1.848189e-01
0.675 -1.874308e-01
0.676 -4.824070e-01
0.677 -6.581315e-01
0.678 -7.680287e-01
0.679 -8.634594e-01
0.680 -9.100195e-01
0.681 -8.163568e-01
0.682 -5.444508e-01
0.683 -1.737151e-01
0.684 1.574994e-01
0.685 3.704265e-01
0.686 4.939755e-01
0.687 5.931170e-01
0.688 6.652665e-01
0.689 6.275577e-01
0.690 4.120026e-01
0.691 5.932931e-02
0.692 -2.989011e-01
0.693 -5.528754e-01
0.694 -6.983807e-01
0.695 -8.011114e-01
0.696 -8.887098e-01
0.697 -8.984434e-01
0.698 -7.439916e-01
0.699 -4.250858e-01
0.700 -5.282801e-02
0.701 2.421163e-01
0.702 4.179175e-01
0.703 5.277570e-01
0.704 6.232157e-01
0.705 6.697718e-01
0.706 5.760843e-01
0.707 3.041515e-01
0.708 -6.653113e-02
0.709 -3.977505e-01
0.710 -6.106814e-01
0.711 -7.342303e-01
0.712 -8.334014e-01
0.713 -9.055191e-01
0.714 -8.677989e-01
0.715 -6.522884e-01
0.716 -2.995950e-01
0.717 5.863130e-02
0.718 3.126318e-01
0.719 4.580991e-01
0.720 5.608649e-01
0.721 6.484378e-01
0.722 6.581708e-01
0.723 5.037111e-01
0.724 1.848019e-01
0.725 -1.874587e-01
0.726 -4.823907e-01
0.727 -6.581801e-01
0.728 -7.680480e-01
0.729 -8.634872e-01
0.730 -9.100197e-01
0.731 -8.163584e-01
0.732 -5.444576e-01
0.733 -1.737199e-01
0.734 1.574739e-01
0.735 3.703624e-01
0.736 4.939578e-01
0.737 5.931415e-01
0.738 6.652509e-01
0.739 6.275327e-01
0.740 4.119773e-01
0.741 5.932376e-02
0.742 -2.989016e-01
0.743 -5.528938e-01
0.744 -6.983965e-01
0.745 -8.010943e-01
0.746 -8.887272e-01
0.747 -8.984550e-01
0.748 -7.439972e-01
0.749 -4.251068e-01
0.750 -5.281823e-02
0.751 2.421300e-01
0.752 4.178854e-01
0.753 5.277707e-01
0.754 6.232230e-01
0.755 6.697456e-01
0.756 5.760707e-01
0.757 3.041883e-01
0.758 -6.653128e-02
0.759 -3.977652e-01
0.760 -6.106725e-01
0.761 -7.342578e-01
0.762 -8.334144e-01
0.763 -9.055511e-01
0.764 -8.678154e-01
0.765 -6.522878e-01
0.766 -2.995919e-01
0.767 5.863089e-02
0.768 3.126372e-01
0.769 4.581012e-01
0.770 5.608366e-01
0.771 6.484354e-01
0.772 6.581819e-01
0.773 5.036940e-01
0.774 1.848056e-01
0.775 -1.874774e-01
0.776 -4.824322e-01
0.777 -6.581602e-01
0.778 -7.680678e-01
0.779 -8.634728e-01
0.780 -9.100496e-01
0.781 -8.163585e-01
0.782 -5.444439e-01
0.783 -1.737240e-01
0.784 1.574749e-01
0.785 3.703815e-01
0.786 4.939580e-01
0.787 5.931248e-01
0.788 6.652807e-01
0.789 6.275172e-01
0.790 4.119964e-01
0.791 5.932932e-02
0.792 -2.989022e-01
0.793 -5.528962e-01
0.794 -6.983976e-01
0.795 -8.010993e-01
0.796 -8.887060e-01
0.797 -8.984588e-01
0.798 -7.439832e-01
0.799 -4.250944e-01
0.800 -5.283231e-02
0.801 2.421420e-01
0.802 4.178963e-01
0.803 5.277785e-01
0.804 6.232277e-01
0.805 6.697506e-01
0.806 5.760995e-01
0.807 3.041657e-01
0.808 -6.654926e-02
0.809 -3.977367e-01
0.810 -6.106708e-01
0.811 -7.342189e-01
0.812 -8.334177e-01
0.813 -9.055502e-01
0.814 -8.678274e-01
0.815 -6.522921e-01
0.816 -2.996003e-01
0.817 5.863112e-02
0.818 3.125987e-01
0.819 4.580807e-01
0.820 5.608538e-01
0.821 6.484240e-01
0.822 6.581647e-01
0.823 5.036924e-01
0.824 1.848214e-01
0.825 -1.874652e-01
0.826 -4.824154e-01
0.827 -6.581673e-01
0.828 -7.680521e-01
0.829 -8.635027e-01
0.830 -9.100463e-01
0.831 -8.163322e-01
0.832 -5.444776e-01
0.833 -1.737175e-01
0.834 1.574762e-01
0.835 3.703541e-01
0.836 4.939693e-01
0.837 5.931083e-01
0.838 6.652609e-01
0.839 6.275113e-01
0.840 4.119628e-01
0.841 5.932649e-02
0.842 -2.988974e-01
0.843 -5.529070e-01
0.844 -6.983720e-01
0.845 -8.011163e-01
0.846 -8.887072e-01
0.847 -8.984398e-01
0.848 -7.439938e-01
0.849 -4.250824e-01
0.850 -5.282556e-02
0.851 2.421474e-01
0.852 4.178825e-01
0.853 5.277401e-01
0.854 6.232017e-01
0.855 6.697302e-01
0.856 5.760944e-01
0.857 3.041766e-01
0.858 -6.655755e-02
0.859 -3.977654e-01
0.860 -6.106704e-01
0.861 -7.342349e-01
0.862 -8.334108e-01
0.863 -9.055763e-01
0.864 -8.678327e-01
0.865 -6.522926e-01
0.866 -2.996127e-01
0.867 5.861419e-02
0.868 3.126425e-01
0.869 4.581023e-01
0.870 5.608237e-01
0.871 6.484115e-01
0.872 6.581363e-01
0.873 5.036996e-01
0.874 1.847837e-01
0.875 -1.874679e-01
0.876 -4.824519e-01
0.877 -6.581731e-01
0.878 -7.680678e-01
0.879 -8.635071e-01
0.880 -9.100516e-01
0.881 -8.163784e-01
0.882 -5.444671e-01
0.883 -1.737410e-01
0.884 1.574606e-01
0.885 3.704171e-01
0.886 4.939654e-01
0.887 5.931213e-01
0.888 6.652428e-01
0.889 6.275116e-01
0.890 4.120168e-01
0.891 5.932294e-02
0.892 -2.989036e-01
0.893 -5.529184e-01
0.894 -6.983945e-01
0.895 -8.011288e-01
0.896 -8.887034e-01
0.897 -8.984217e-01
0.898 -7.439961e-01
0.899 -4.250893e-01
0.900 -5.285476e-02
0.901 2.421373e-01
0.902 4.178564e-01
0.903 5.277688e-01
0.904 6.232114e-01
0.905 6.697634e-01
0.906 5.760615e-01
0.907 3.041533e-01
0.908 -6.654094e-02
0.909 -3.977714e-01
0.910 -6.106907e-01
0.911 -7.342476e-01
0.912 -8.334258e-01
0.913 -9.055767e-01
0.914 -8.678162e-01
0.915 -6.522911e-01
0.916 -2.996131e-01
0.917 5.861704e-02
0.918 3.126200e-01
0.919 4.580934e-01
0.920 5.607931e-01
0.921 6.484369e-01
0.922 6.581680e-01
0.923 5.037054e-01
0.924 1.847820e-01
0.925 -1.874757e-01
0.926 -4.823881e-01
0.927 -6.581622e-01
0.928 -7.680579e-01
0.929 -8.635203e-01
0.930 -9.100572e-01
0.931 -8.163884e-01
0.932 -5.444679e-01
0.933 -1.737419e-01
0.934 1.574567e-01
0.935 3.703889e-01
0.936 4.939428e-01
0.937 5.931105e-01
0.938 6.652501e-01
0.939 6.275143e-01
0.940 4.119884e-01
0.941 5.930545e-02
0.942 -2.989129e-01
0.943 -5.529156e-01
0.944 -6.984006e-01
0.945 -8.010927e-01
0.946 -8.887222e-01
0.947 -8.984556e-01
0.948 -7.439871e-01
0.949 -4.251385e-01
0.950 -5.284622e-02
0.951 2.421015e-01
0.952 4.178740e-01
0.953 5.277537e-01
0.954 6.232106e-01
0.955 6.697382e-01
0.956 5.760811e-01
0.957 3.041576e-01
0.958 -6.657067e-02
0.959 -3.977655e-01
0.960 -6.106931e-01
0.961 -7.342468e-01
0.962 -8.334118e-01
0.963 -9.055497e-01
0.964 -8.678705e-01
0.965 -6.523044e-01
0.966 -2.996424e-01
0.967 5.857011e-02
0.968 3.125952e-01
0.969 4.580733e-01
0.970 5.608118e-01
0.971 6.483901e-01
0.972 6.581150e-01
0.973 5.036578e-01
0.974 1.847714e-01
0.975 -1.874864e-01
0.976 -4.824609e-01
0.977 -6.582185e-01
0.978 -7.680747e-01
0.979 -8.635489e-01
0.980 -9.100801e-01
0.981 -8.163983e-01
0.982 -5.444816e-01
0.983 -1.737821e-01
0.984 1.574498e-01
0.985 3.703472e-01
0.986 4.938749e-01
0.987 5.930759e-01
0.988 6.651570e-01
0.989 6.274688e-01
0.990 4.119458e-01
0.991 5.923864e-02
0.992 -2.989702e-01
0.993 -5.529659e-01
0.994 -6.984523e-01
0.995 -8.011928e-01
0.996 -8.887482e-01
0.997 -8.985168e-01
0.998 -7.440174e-01
0.999 -4.251357e-01
1.000 -5.288437e-02
1.001 2.420665e-01
1.002 4.178502e-01
1.003 5.277050e-01
1.004 6.231404e-01
1.005 6.697107e-01
1.006 5.760331e-01
1.007 3.041388e-01
1.008 -6.658958e-02
1.009 -3.977840e-01
1.010 -6.107071e-01
1.011 -7.342728e-01
1.012 -8.334280e-01
1.013 -9.055876e-01
1.014 -8.678191e-01
1.015 -6.523181e-01
1.016 -2.996522e-01
1.017 5.856811e-02
1.018 3.125783e-01
1.019 4.580945e-01
1.020 5.608019e-01
1.021 6.483992e-01
1.022 6.581641e-01
1.023 5.036933e-01
1.024 1.848069e-01
1.025 -1.874852e-01
1.026 -4.823970e-01
1.027 -6.581863e-01
1.028 -7.680844e-01
1.029 -8.634929e-01
1.030 -9.100516e-01
1.031 -8.163363e-01
1.032 -5.444733e-01
1.033 -1.737263e-01
1.034 1.574710e-01
1.035 3.704011e-01
1.036 4.939403e-01
1.037 5.931163e-01
1.038 6.652662e-01
1.039 6.275209e-01
1.040 4.119974e-01
1.041 5.932793e-02
1.042 -2.989241e-01
1.043 -5.529129e-01
1.044 -6.983931e-01
1.045 -8.011356e-01
1.046 -8.887245e-01
1.047 -8.984764e-01
1.048 -7.439803e-01
1.049 -4.251064e-01
1.050 -5.284020e-02
1.051 2.421519e-01
1.052 4.178732e-01
1.053 5.277726e-01
1.054 6.231935e-01
1.055 6.697517e-01
1.056 5.760756e-01
1.057 3.041796e-01
1.058 -6.656319e-02
1.059 -3.977442e-01
1.060 -6.106820e-01
1.061 -7.342533e-01
1.062 -8.334374e-01
1.063 -9.055765e-01
1.064 -8.678093e-01
1.065 -6.522637e-01
1.066 -2.996265e-01
1.067 5.862008e-02
1.068 3.126316e-01
1.069 4.580861e-01
1.070 5.608431e-01
1.071 6.484265e-01
1.072 6.581739e-01
1.073 5.037137e-01
1.074 1.848265e-01
1.075 -1.874494e-01
1.076 -4.824450e-01
1.077 -6.581991e-01
1.078 -7.680790e-01
1.079 -8.634931e-01
1.080 -9.100528e-01
1.081 -8.163810e-01
1.082 -5.444406e-01
1.083 -1.737386e-01
1.084 1.574655e-01
1.085 3.703796e-01
1.086 4.939290e-01
1.087 5.931088e-01
1.088 6.652344e-01
1.089 6.275193e-01
1.090 4.119976e-01
1.091 5.929503e-02
1.092 -2.989324e-01
1.093 -5.529111e-01
1.094 -6.983865e-01
1.095 -8.011327e-01
1.096 -8.887354e-01
1.097 -8.984617e-01
1.098 -7.440027e-01
1.099 -4.251092e-01
1.100 -5.282041e-02
1.101 2.421300e-01
1.102 4.178974e-01
1.103 5.277721e-01
1.104 6.232191e-01
1.105 6.697515e-01
1.106 5.760805e-01
1.107 3.041635e-01
1.108 -6.655928e-02
1.109 -3.977557e-01
1.110 -6.106800e-01
1.111 -7.342565e-01
1.112 -8.334057e-01
1.113 -9.055650e-01
1.114 -8.678179e-01
1.115 -6.522930e-01
1.116 -2.996216e-01
1.117 5.863576e-02
1.118 3.126162e-01
1.119 4.581096e-01
1.120 5.608201e-01
1.121 6.484423e-01
1.122 6.581523e-01
1.123 5.036980e-01
1.124 1.847976e-01
1.125 -1.874594e-01
1.126 -4.824493e-01
1.127 -6.581608e-01
1.128 -7.680438e-01
1.129 -8.634853e-01
1.130 -9.100559e-01
1.131 -8.163662e-01
1.132 -5.444813e-01
1.133 -1.737439e-01
1.134 1.574788e-01
1.135 3.703824e-01
1.136 4.939892e-01
1.137 5.930940e-01
1.138 6.652853e-01
1.139 6.275112e-01
1.140 4.119763e-01
1.141 5.934517e-02
1.142 -2.988740e-01
1.143 -5.528689e-01
1.144 -6.983530e-01
1.145 -8.011017e-01
1.146 -8.886739e-01
1.147 -8.984313e-01
1.148 -7.440052e-01
1.149 -4.251007e-01
1.150 -5.285502e-02
1.151 2.420569e-01
1.152 4.177674e-01
1.153 5.275797e-01
1.154 6.230116e-01
1.155 6.694903e-01
1.156 5.758065e-01
1.157 3.038200e-01
1.158 -6.695608e-02
1.159 -3.981756e-01
1.160 -6.111425e-01
1.161 -7.346986e-01
1.162 -8.338894e-01
1.163 -9.060429e-01
1.164 -8.683140e-01
1.165 -6.527627e-01
1.166 -3.000549e-01
1.167 5.817123e-02
1.168 3.122319e-01
1.169 4.577456e-01
1.170 5.605064e-01
1.171 6.481631e-01
1.172 6.579310e-01
1.173 5.035253e-01
1.174 1.846454e-01
1.175 -1.875551e-01
1.176 -4.824511e-01
1.177 -6.582032e-01
1.178 -7.680240e-01
1.179 -8.634326e-01
1.180 -9.099533e-01
1.181 -8.162878e-01
1.182 -5.443431e-01
1.183 -1.736199e-01
1.184 1.575979e-01
1.185 3.705154e-01
1.186 4.941014e-01
1.187 5.932235e-01
1.188 6.653651e-01
1.189 6.276240e-01
1.190 4.120794e-01
1.191 5.939385e-02
1.192 -2.988195e-01
1.193 -5.528427e-01
1.194 -6.983493e-01
1.195 -8.011019e-01
1.196 -8.886994e-01
1.197 -8.984321e-01
1.198 -7.439992e-01
1.199 -4.250973e-01
1.200 -5.282680e-02
1.201 2.421318e-01
1.202 4.178815e-01
1.203 5.277704e-01
1.204 6.232154e-01
1.205 6.697524e-01
1.206 5.760789e-01
1.207 3.041873e-01
1.208 -6.658645e-02
1.209 -3.977485e-01
1.210 -6.106804e-01
1.211 -7.342350e-01
1.212 -8.333834e-01
1.213 -9.055419e-01
1.214 -8.678062e-01
1.215 -6.522467e-01
1.216 -2.996109e-01
1.217 5.861718e-02
1.218 3.126135e-01
1.219 4.581144e-01
1.220 5.608536e-01
1.221 6.484313e-01
1.222 6.581602e-01
1.223 5.037286e-01
1.224 1.848242e-01
1.225 -1.874655e-01
1.226 -4.824221e-01
1.227 -6.581672e-01
1.228 -7.680584e-01
1.229 -8.634772e-01
1.230 -9.100383e-01
1.231 -8.163780e-01
1.232 -5.444243e-01
1.233 -1.737352e-01
1.234 1.574628e-01
1.235 3.704016e-01
1.236 4.939715e-01
1.237 5.931201e-01
1.238 6.652592e-01
1.239 6.274973e-01
1.240 4.120087e-01
1.241 5.933891e-02
1.242 -2.989079e-01
1.243 -5.529258e-01
1.244 -6.983886e-01
1.245 -8.011230e-01
1.246 -8.887203e-01
1.247 -8.984687e-01
1.248 -7.439954e-01
1.249 -4.250711e-01
1.250 -5.279285e-02
1.251 2.421137e-01
1.252 4.179064e-01
1.253 5.277896e-01
1.254 6.232269e-01
1.255 6.697684e-01
1.256 5.760952e-01
1.257 3.041820e-01
1.258 -6.655806e-02
1.259 -3.977274e-01
1.260 -6.106769e-01
1.261 -7.342405e-01
1.262 -8.334186e-01
1.263 -9.055385e-01
1.264 -8.677999e-01
1.265 -6.522490e-01
1.266 -2.995987e-01
1.267 5.861312e-02
1.268 3.126331e-01
1.269 4.581105e-01
1.270 5.608339e-01
1.271 6.484292e-01
1.272 6.581845e-01
1.273 5.037143e-01
1.274 1.848334e-01
1.275 -1.874451e-01
1.276 -4.824073e-01
1.277 -6.581792e-01
1.278 -7.680468e-01
1.279 -8.635065e-01
1.280 -9.100447e-01
1.281 -8.163705e-01
1.282 -5.444701e-01
1.283 -1.737425e-01
1.284 1.574975e-01
1.285 3.704008e-01
1.286 4.939851e-01
1.287 5.931418e-01
1.288 6.652564e-01
1.289 6.275148e-01
1.290 4.119817e-01
1.291 5.933147e-02
1.292 -2.989027e-01
1.293 -5.529014e-01
1.294 -6.983746e-01
1.295 -8.011401e-01
1.296 -8.887386e-01
1.297 -8.984735e-01
1.298 -7.440025e-01
1.299 -4.250999e-01
1.300 -5.283316e-02
1.301 2.421341e-01
1.302 4.178956e-01
1.303 5.277744e-01
1.304 6.231958e-01
1.305 6.697679e-01
1.306 5.760885e-01
1.307 3.041831e-01
1.308 -6.655658e-02
1.309 -3.977686e-01
1.310 -6.106732e-01
1.311 -7.342228e-01
1.312 -8.334087e-01
1.313 -9.055334e-01
1.314 -8.678165e-01
1.315 -6.522560e-01
1.316 -2.996339e-01
1.317 5.861057e-02
1.318 3.126115e-01
1.319 4.580844e-01
1.320 5.608007e-01
1.321 6.484121e-01
1.322 6.581641e-01
1.323 5.036938e-01
1.324 1.848151e-01
1.325 -1.874950e-01
1.326 -4.824395e-01
1.327 -6.582203e-01
1.328 -7.680678e-01
1.329 -8.635141e-01
1.330 -9.100654e-01
1.331 -8.163950e-01
1.332 -5.444875e-01
1.333 -1.737434e-01
1.334 1.574549e-01
1.335 3.703687e-01
1.336 4.939196e-01
1.337 5.931055e-01
1.338 6.652289e-01
1.339 6.274670e-01
1.340 4.119636e-01
1.341 5.930052e-02
1.342 -2.989600e-01
1.343 -5.529378e-01
1.344 -6.984276e-01
1.345 -8.011627e-01
1.346 -8.887672e-01
1.347 -8.985127e-01
1.348 -7.440915e-01
1.349 -4.251310e-01
1.350 -5.288458e-02
1.351 2.420701e-01
1.352 4.178211e-01
1.353 5.276754e-01
1.354 6.231524e-01
1.355 6.696727e-01
1.356 5.759771e-01
1.357 3.040873e-01
1.358 -6.661570e-02
1.359 -3.978322e-01
1.360 -6.107848e-01
1.361 -7.343355e-01
1.362 -8.334710e-01
1.363 -9.056282e-01
1.364 -8.678849e-01
1.365 -6.523853e-01
1.366 -2.997004e-01
1.367 5.852205e-02
1.368 3.125191e-01
1.369 4.580019e-01
1.370 5.607023e-01
1.371 6.483192e-01
1.372 6.580690e-01
1.373 5.036263e-01
1.374 1.847016e-01
1.375 -1.875607e-01
1.376 -4.825203e-01
1.377 -6.582808e-01
1.378 -7.681895e-01
1.379 -8.636038e-01
1.380 -9.101487e-01
1.381 -8.164654e-01
1.382 -5.445615e-01
1.383 -1.738719e-01
1.384 1.573546e-01
1.385 3.702835e-01
1.386 4.938390e-01
1.387 5.930137e-01
1.388 6.651724e-01
1.389 6.274380e-01
1.390 4.118768e-01
1.391 5.919390e-02
1.392 -2.990333e-01
1.393 -5.530151e-01
1.394 -6.985084e-01
1.395 -8.012184e-01
1.396 -8.888161e-01
1.397 -8.985566e-01
1.398 -7.440643e-01
1.399 -4.251679e-01
1.400 -5.291853e-02
1.401 2.420519e-01
1.402 4.178188e-01
1.403 5.276781e-01
1.404 6.231429e-01
1.405 6.696833e-01
1.406 5.760310e-01
1.407 3.040664e-01
1.408 -6.661480e-02
1.409 -3.978285e-01
1.410 -6.107581e-01
1.411 -7.342717e-01
1.412 -8.334753e-01
1.413 -9.055722e-01
1.414 -8.678829e-01
1.415 -6.523260e-01
1.416 -2.996550e-01
1.417 5.857951e-02
1.418 3.125708e-01
1.419 4.580610e-01
1.420 5.608032e-01
1.421 6.484057e-01
1.422 6.581506e-01
1.423 5.037136e-01
1.424 1.847827e-01
1.425 -1.874724e-01
1.426 -4.824518e-01
1.427 -6.582213e-01
1.428 -7.680854e-01
1.429 -8.634943e-01
1.430 -9.100483e-01
1.431 -8.164071e-01
1.432 -5.444617e-01
1.433 -1.737450e-01
1.434 1.574565e-01
1.435 3.703930e-01
1.436 4.939339e-01
1.437 5.931237e-01
1.438 6.652318e-01
1.439 6.275386e-01
1.440 4.120088e-01
1.441 5.931780e-02
1.442 -2.988951e-01
1.443 -5.529051e-01
1.444 -6.983753e-01
1.445 -8.011079e-01
1.446 -8.886996e-01
1.447 -8.984169e-01
1.448 -7.439671e-01
1.449 -4.250857e-01
1.450 -5.281000e-02
1.451 2.421338e-01
1.452 4.178888e-01
1.453 5.277946e-01
1.454 6.232211e-01
1.455 6.697835e-01
1.456 5.761334e-01
1.457 3.042185e-01
1.458 -6.652208e-02
1.459 -3.977197e-01
1.460 -6.106468e-01
1.461 -7.342053e-01
1.462 -8.333682e-01
1.463 -9.055183e-01
1.464 -8.678098e-01
1.465 -6.522517e-01
1.466 -2.995633e-01
1.467 5.864441e-02
1.468 3.126706e-01
1.469 4.581183e-01
1.470 5.608708e-01
1.471 6.484476e-01
1.472 6.582143e-01
1.473 5.037379e-01
1.474 1.848343e-01
1.475 -1.874346e-01
1.476 -4.823798e-01
1.477 -6.581401e-01
1.478 -7.680430e-01
1.479 -8.634272e-01
1.480 -9.100179e-01
1.481 -8.163340e-01
1.482 -5.444020e-01
1.483 -1.736845e-01
1.484 1.575248e-01
1.485 3.704236e-01
1.486 4.939884e-01
1.487 5.931616e-01
1.488 6.652640e-01
1.489 6.275413e-01
1.490 4.120373e-01
1.491 5.935402e-02
1.492 -2.988712e-01
1.493 -5.528810e-01
1.494 -6.983661e-01
1.495 -8.011153e-01
1.496 -8.886788e-01
1.497 -8.984340e-01
1.498 -7.439592e-01
1.499 -4.250406e-01
1.500 -5.279161e-02
1.501 2.421768e-01
1.502 4.179232e-01
1.503 5.278198e-01
1.504 6.232514e-01
1.505 6.697895e-01
1.506 5.761146e-01
1.507 3.042233e-01
1.508 -6.651684e-02
1.509 -3.976986e-01
1.510 -6.106114e-01
1.511 -7.342111e-01
1.512 -8.333670e-01
1.513 -9.055021e-01
1.514 -8.677788e-01
1.515 -6.522524e-01
1.516 -2.995892e-01
1.517 5.867306e-02
1.518 3.126704e-01
1.519 4.581410e-01
1.520 5.608672e-01
1.521 6.484904e-01
1.522 6.582005e-01
1.523 5.037462e-01
1.524 1.848317e-01
1.525 -1.874266e-01
1.526 -4.823910e-01
1.527 -6.581552e-01
1.528 -7.679986e-01
1.529 -8.634415e-01
1.530 -9.099940e-01
1.531 -8.163498e-01
1.532 -5.444216e-01
1.533 -1.736937e-01
1.534 1.575252e-01
1.535 3.704335e-01
1.536 4.939791e-01
1.537 5.931662e-01
1.538 6.653065e-01
1.539 6.275761e-01
1.540 4.120404e-01
1.541 5.937588e-02
1.542 -2.988435e-01
1.543 -5.528597e-01
1.544 -6.983189e-01
1.545 -8.010697e-01
1.546 -8.886819e-01
1.547 -8.984114e-01
1.548 -7.439381e-01
1.549 -4.250140e-01
1.550 -5.277313e-02
1.551 2.421651e-01
1.552 4.179137e-01
1.553 5.278407e-01
1.554 6.232383e-01
1.555 6.698148e-01
1.556 5.761602e-01
1.557 3.042000e-01
1.558 -6.651828e-02
1.559 -3.977124e-01
1.560 -6.106384e-01
1.561 -7.341775e-01
1.562 -8.333794e-01
1.563 -9.055018e-01
1.564 -8.677768e-01
1.565 -6.522292e-01
1.566 -2.995362e-01
1.567 5.869542e-02
1.568 3.126785e-01
1.569 4.581191e-01
1.570 5.608855e-01
1.571 6.484977e-01
1.572 6.582508e-01
1.573 5.037477e-01
1.574 1.848490e-01
1.575 -1.873954e-01
1.576 -4.823512e-01
1.577 -6.581290e-01
1.578 -7.680054e-01
1.579 -8.634413e-01
1.580 -9.099957e-01
1.581 -8.162887e-01
1.582 -5.444159e-01
1.583 -1.736726e-01
1.584 1.574913e-01
1.585 3.704369e-01
1.586 4.940033e-01
1.587 5.931665e-01
1.588 6.653368e-01
1.589 6.275464e-01
1.590 4.120612e-01
1.591 5.937321e-02
1.592 -2.988766e-01
1.593 -5.528566e-01
1.594 -6.983380e-01
1.595 -8.010591e-01
1.596 -8.886900e-01
1.597 -8.983916e-01
1.598 -7.439278e-01
1.599 -4.250331e-01
1.600 -5.279584e-02
1.601 2.421844e-01
1.602 4.179722e-01
1.603 5.277823e-01
1.604 6.232460e-01
1.605 6.698019e-01
1.606 5.761322e-01
1.607 3.042119e-01
1.608 -6.652377e-02
1.609 -3.976893e-01
1.610 -6.105977e-01
1.611 -7.341808e-01
1.612 -8.333441e-01
1.613 -9.054842e-01
1.614 -8.677533e-01
1.615 -6.522380e-01
1.616 -2.995473e-01
1.617 5.867675e-02
1.618 3.127123e-01
1.619 4.581458e-01
1.620 5.609055e-01
1.621 6.485007e-01
1.622 6.582422e-01
1.623 5.037891e-01
1.624 1.848707e-01
1.625 -1.873855e-01
1.626 -4.823649e-01
1.627 -6.581201e-01
1.628 -7.679941e-01
1.629 -8.634225e-01
1.630 -9.099976e-01
1.631 -8.162980e-01
1.632 -5.443987e-01
1.633 -1.736637e-01
1.634 1.575438e-01
1.635 3.704708e-01
1.636 4.940107e-01
1.637 5.931863e-01
1.638 6.653273e-01
1.639 6.275662e-01
1.640 4.120577e-01
1.641 5.936010e-02
1.642 -2.988234e-01
1.643 -5.528436e-01
1.644 -6.983286e-01
1.645 -8.010563e-01
1.646 -8.886500e-01
1.647 -8.983912e-01
1.648 -7.439685e-01
1.649 -4.250518e-01
1.650 -5.277221e-02
1.651 2.422170e-01
1.652 4.179678e-01
1.653 5.278358e-01
1.654 6.232798e-01
1.655 6.698557e-01
1.656 5.761228e-01
1.657 3.042570e-01
1.658 -6.650753e-02
1.659 -3.976609e-01
1.660 -6.105901e-01
1.661 -7.341922e-01
1.662 -8.333211e-01
1.663 -9.054621e-01
1.664 -8.677136e-01
1.665 -6.522243e-01
1.666 -2.995614e-01
1.667 5.871900e-02
1.668 3.126769e-01
1.669 4.582078e-01
1.670 5.609054e-01
1.671 6.485251e-01
1.672 6.582401e-01
1.673 5.037455e-01
1.674 1.848674e-01
1.675 -1.873776e-01
1.676 -4.823314e-01
1.677 -6.581067e-01
1.678 -7.679887e-01
1.679 -8.634337e-01
1.680 -9.099899e-01
1.681 -8.163043e-01
1.682 -5.444106e-01
1.683 -1.736575e-01
1.684 1.575544e-01
1.685 3.704748e-01
1.686 4.940462e-01
1.687 5.931578e-01
1.688 6.653417e-01
1.689 6.275998e-01
1.690 4.120764e-01
1.691 5.940036e-02
1.692 -2.988234e-01
1.693 -5.528266e-01
1.694 -6.983001e-01
1.695 -8.010677e-01
1.696 -8.886563e-01
1.697 -8.983865e-01
1.698 -7.439372e-01
1.699 -4.249939e-01
1.700 -5.277050e-02
1.701 2.422354e-01
1.702 4.179703e-01
1.703 5.278531e-01
1.704 6.232808e-01
1.705 6.698335e-01
1.706 5.761552e-01
1.707 3.042571e-01
1.708 -6.648620e-02
1.709 -3.976860e-01
1.710 -6.105785e-01
1.711 -7.341739e-01
1.712 -8.333432e-01
1.713 -9.054630e-01
1.714 -8.677262e-01
1.715 -6.522149e-01
1.716 -2.995251e-01
1.717 5.868790e-02
1.718 3.127083e-01
1.719 4.581752e-01
1.720 5.608990e-01
1.721 6.485101e-01
1.722 6.582677e-01
1.723 5.037908e-01
1.724 1.848903e-01
1.725 -1.873837e-01
1.726 -4.823192e-01
1.727 -6.580761e-01
1.728 -7.679549e-01
1.729 -8.634283e-01
1.730 -9.099557e-01
1.731 -8.163208e-01
1.732 -5.443794e-01
1.733 -1.736653e-01
1.734 1.575265e-01
1.735 3.704748e-01
1.736 4.940576e-01
1.737 5.932217e-01
1.738 6.653372e-01
1.739 6.275729e-01
1.740 4.120927e-01
1.741 5.939451e-02
1.742 -2.988287e-01
1.743 -5.528241e-01
1.744 -6.983139e-01
1.745 -8.010163e-01
1.746 -8.886319e-01
1.747 -8.983657e-01
1.748 -7.439285e-01
1.749 -4.250019e-01
1.750 -5.273407e-02
1.751 2.421994e-01
1.752 4.179750e-01
1.753 5.278237e-01
1.754 6.232945e-01
1.755 6.698388e-01
1.756 5.761518e-01
1.757 3.042522e-01
1.758 -6.650188e-02
1.759 -3.976705e-01
1.760 -6.106116e-01
1.761 -7.341589e-01
1.762 -8.333217e-01
1.763 -9.054675e-01
1.764 -8.676985e-01
1.765 -6.521742e-01
1.766 -2.995581e-01
1.767 5.872262e-02
1.768 3.127237e-01
1.769 4.581962e-01
1.770 5.609050e-01
1.771 6.485509e-01
1.772 6.583001e-01
1.773 5.037731e-01
1.774 1.849214e-01
1.775 -1.873428e-01
1.776 -4.823561e-01
1.777 -6.581033e-01
1.778 -7.679448e-01
1.779 -8.634144e-01
1.780 -9.099219e-01
1.781 -8.163048e-01
1.782 -5.443749e-01
1.783 -1.736387e-01
1.784 1.575622e-01
1.785 3.704647e-01
1.786 4.940489e-01
1.787 5.932210e-01
1.788 6.653552e-01
1.789 6.276204e-01
1.790 4.120811e-01
1.791 5.943271e-02
1.792 -2.988371e-01
1.793 -5.528104e-01
1.794 -6.982571e-01
1.795 -8.010483e-01
1.796 -8.886059e-01
1.797 -8.983896e-01
1.798 -7.439045e-01
1.799 -4.250093e-01
1.800 -5.273159e-02
1.801 2.421950e-01
1.802 4.179582e-01
1.803 5.278561e-01
1.804 6.232617e-01
1.805 6.698054e-01
1.806 5.761387e-01
1.807 3.042427e-01
1.808 -6.645832e-02
1.809 -3.976741e-01
1.810 -6.105943e-01
1.811 -7.341949e-01
1.812 -8.333589e-01
1.813 -9.054828e-01
1.814 -8.677209e-01
1.815 -6.522137e-01
1.816 -2.995601e-01
1.817 5.867296e-02
1.818 3.126611e-01
1.819 4.581725e-01
1.820 5.608941e-01
1.821 6.484663e-01
1.822 6.582151e-01
1.823 5.037883e-01
1.824 1.848832e-01
1.825 -1.874230e-01
1.826 -4.823518e-01
1.827 -6.581422e-01
1.828 -7.679846e-01
1.829 -8.634269e-01
1.830 -9.099911e-01
1.831 -8.163242e-01
1.832 -5.443803e-01
1.833 -1.736958e-01
1.834 1.575247e-01
1.835 3.704560e-01
1.836 4.940196e-01
1.837 5.931881e-01
1.838 6.653350e-01
1.839 6.276096e-01
1.840 4.120498e-01
1.841 5.937420e-02
1.842 -2.988502e-01
1.843 -5.527851e-01
1.844 -6.982982e-01
1.845 -8.010178e-01
1.846 -8.886251e-01
1.847 -8.983816e-01
1.848 -7.439081e-01
1.849 -4.250182e-01
1.850 -5.274097e-02
1.851 2.422229e-01
1.852 4.179785e-01
1.853 5.278525e-01
1.854 6.232866e-01
1.855 6.698591e-01
1.856 5.761861e-01
1.857 3.042625e-01
1.858 -6.645562e-02
1.859 -3.976473e-01
1.860 -6.105614e-01
1.861 -7.340992e-01
1.862 -8.332903e-01
1.863 -9.054495e-01
1.864 -8.677322e-01
1.865 -6.521624e-01
1.866 -2.994870e-01
1.867 5.871636e-02
1.868 3.127475e-01
1.869 4.581945e-01
1.870 5.609262e-01
1.871 6.485493e-01
1.872 6.583054e-01
1.873 5.038113e-01
1.874 1.849228e-01
1.875 -1.873423e-01
1.876 -4.823048e-01
1.877 -6.580695e-01
1.878 -7.678988e-01
1.879 -8.633845e-01
1.880 -9.099540e-01
1.881 -8.162506e-01
1.882 -5.443204e-01
1.883 -1.736019e-01
1.884 1.575927e-01
1.885 3.705373e-01
1.886 4.940541e-01
1.887 5.932246e-01
1.888 6.653739e-01
1.889 6.276315e-01
1.890 4.121138e-01
1.891 5.945098e-02
1.892 -2.987832e-01
1.893 -5.527981e-01
1.894 -6.982909e-01
1.895 -8.010139e-01
1.896 -8.886237e-01
1.897 -8.983711e-01
1.898 -7.438854e-01
1.899 -4.249646e-01
1.900 -5.270554e-02
1.901 2.422258e-01
1.902 4.180000e-01
1.903 5.278876e-01
1.904 6.233319e-01
1.905 6.698660e-01
1.906 5.761890e-01
1.907 3.042891e-01
1.908 -6.643085e-02
1.909 -3.976205e-01
1.910 -6.105628e-01
1.911 -7.341123e-01
1.912 -8.332980e-01
1.913 -9.054188e-01
1.914 -8.676827e-01
1.915 -6.521752e-01
1.916 -2.994801e-01
1.917 5.874744e-02
1.918 3.127486e-01
1.919 4.582325e-01
1.920 5.609986e-01
1.921 6.485364e-01
1.922 6.583117e-01
1.923 5.038262e-01
1.924 1.849416e-01
1.925 -1.873267e-01
1.926 -4.822653e-01
1.927 -6.580510e-01
1.928 -7.679416e-01
1.929 -8.633443e-01
1.930 -9.099035e-01
1.931 -8.162325e-01
1.932 -5.443503e-01
1.933 -1.736073e-01
1.934 1.576120e-01
1.935 3.705284e-01
1.936 4.940668e-01
1.937 5.932272e-01
1.938 6.653780e-01
1.939 6.276712e-01
1.940 4.121503e-01
1.941 5.942876e-02
1.942 -2.988103e-01
1.943 -5.527864e-01
1.944 -6.982654e-01
1.945 -8.009575e-01
1.946 -8.885956e-01
1.947 -8.983443e-01
1.948 -7.438717e-01
1.949 -4.249593e-01
1.950 -5.268888e-02
1.951 2.422642e-01
1.952 4.180133e-01
1.953 5.278831e-01
1.954 6.233136e-01
1.955 6.698777e-01
1.956 5.762186e-01
1.957 3.043215e-01
1.958 -6.642521e-02
1.959 -3.976120e-01
1.960 -6.105383e-01
1.961 -7.340616e-01
1.962 -8.332694e-01
1.963 -9.054317e-01
1.964 -8.676797e-01
1.965 -6.521411e-01
1.966 -2.994846e-01
1.967 5.878296e-02
1.968 3.127292e-01
1.969 4.582479e-01
1.970 5.609951e-01
1.971 6.485846e-01
1.972 6.583198e-01
1.973 5.038449e-01
1.974 1.849477e-01
1.975 -1.873214e-01
1.976 -4.822313e-01
1.977 -6.580102e-01
1.978 -7.678738e-01
1.979 -8.633282e-01
1.980 -9.098918e-01
1.981 -8.162246e-01
1.982 -5.443243e-01
1.983 -1.736440e-01
1.984 1.575323e-01
1.985 3.704321e-01
1.986 4.939553e-01
1.987 5.930717e-01
1.988 6.651624e-01
1.989 6.273970e-01
1.990 4.118222e-01
1.991 5.908578e-02
1.992 -2.991847e-01
1.993 -5.532098e-01
1.994 -6.987091e-01
1.995 -8.014467e-01
1.996 -8.890738e-01
1.997 -8.988188e-01
1.998 -7.443492e-01
1.999 -4.254219e-01
2.000 -5.314173e-02
2.001 2.418500e-01
2.002 4.176381e-01
2.003 5.275694e-01
2.004 6.230757e-01
2.005 6.696723e-01
2.006 5.760513e-01
2.007 3.041903e-01
2.008 -6.649798e-02
2.009 -3.976650e-01
2.010 -6.105504e-01
2.011 -7.340687e-01
2.012 -8.332318e-01
2.013 -9.053306e-01
2.014 -8.675846e-01
2.015 -6.520199e-01
2.016 -2.993379e-01
2.017 5.891564e-02
2.018 3.129054e-01
2.019 4.584040e-01
2.020 5.610912e-01
2.021 6.487099e-01
2.022 6.584624e-01
2.023 5.039694e-01
2.024 1.850184e-01
2.025 -1.872299e-01
2.026 -4.821922e-01
2.027 -6.579424e-01
2.028 -7.678563e-01
2.029 -8.633217e-01
2.030 -9.098695e-01
2.031 -8.162186e-01
2.032 -5.443057e-01
2.033 -1.735873e-01
2.034 1.576177e-01
2.035 3.705427e-01
2.036 4.940827e-01
2.037 5.932713e-01
2.038 6.654207e-01
2.039 6.276685e-01
2.040 4.121459e-01
2.041 5.948929e-02
2.042 -2.987514e-01
2.043 -5.527498e-01
2.044 -6.982392e-01
2.045 -8.009885e-01
2.046 -8.885608e-01
2.047 -8.983262e-01
2.048 -7.438703e-01
2.049 -4.249036e-01
2.050 -5.264471e-02
2.051 2.422774e-01
2.052 4.180582e-01
2.053 5.279376e-01
2.054 6.233739e-01
2.055 6.699351e-01
2.056 5.762405e-01
2.057 3.043277e-01
2.058 -6.638602e-02
2.059 -3.975948e-01
2.060 -6.105155e-01
2.061 -7.340827e-01
2.062 -8.332478e-01
2.063 -9.054187e-01
2.064 -8.676479e-01
2.065 -6.521376e-01
2.066 -2.994586e-01
2.067 5.882260e-02
2.068 3.127938e-01
2.069 4.582592e-01
2.070 5.610204e-01
2.071 6.486003e-01
2.072 6.583297e-01
2.073 5.038808e-01
2.074 1.849774e-01
2.075 -1.872717e-01
2.076 -4.822361e-01
2.077 -6.580042e-01
2.078 -7.679045e-01
2.079 -8.633252e-01
2.080 -9.098676e-01
2.081 -8.161903e-01
2.082 -5.442804e-01
2.083 -1.735641e-01
2.084 1.576371e-01
2.085 3.705758e-01
2.086 4.941102e-01
2.087 5.932742e-01
2.088 6.654237e-01
2.089 6.277032e-01
2.090 4.121738e-01
2.091 5.949401e-02
2.092 -2.987217e-01
2.093 -5.527165e-01
2.094 -6.982343e-01
2.095 -8.009641e-01
2.096 -8.885727e-01
2.097 -8.983312e-01
2.098 -7.438199e-01
2.099 -4.249413e-01
2.100 -5.266367e-02
2.101 2.422896e-01
2.102 4.180581e-01
2.103 5.279355e-01
2.104 6.233570e-01
2.105 6.699162e-01
2.106 5.762280e-01
2.107 3.043471e-01
2.108 -6.636996e-02
2.109 -3.975992e-01
2.110 -6.105069e-01
2.111 -7.340577e-01
2.112 -8.332364e-01
2.113 -9.054043e-01
2.114 -8.676570e-01
2.115 -6.521269e-01
2.116 -2.994359e-01
2.117 5.878153e-02
2.118 3.128118e-01
2.119 4.582700e-01
2.120 5.610215e-01
2.121 6.485905e-01
2.122 6.583549e-01
2.123 5.038818e-01
2.124 1.849812e-01
2.125 -1.872978e-01
2.126 -4.822517e-01
2.127 -6.579886e-01
2.128 -7.678731e-01
2.129 -8.633247e-01
2.130 -9.098611e-01
2.131 -8.161943e-01
2.132 -5.442733e-01
2.133 -1.735697e-01
2.134 1.576709e-01
2.135 3.705486e-01
2.136 4.941139e-01
2.137 5.932836e-01
2.138 6.654362e-01
2.139 6.276992e-01
2.140 4.121950e-01
2.141 5.950709e-02
2.142 -2.987297e-01
2.143 -5.527456e-01
2.144 -6.982424e-01
2.145 -8.009404e-01
2.146 -8.885267e-01
2.147 -8.983073e-01
2.148 -7.438433e-01
2.149 -4.249056e-01
2.150 -5.265047e-02
2.151 2.423085e-01
2.152 4.180514e-01
2.153 5.279523e-01
2.154 6.233682e-01
2.155 6.698997e-01
2.156 5.762526e-01
2.157 3.043410e-01
2.158 -6.638026e-02
2.159 -3.975900e-01
2.160 -6.105175e-01
2.161 -7.340836e-01
2.162 -8.332364e-01
2.163 -9.054128e-01
2.164 -8.676554e-01
2.165 -6.521247e-01
2.166 -2.994716e-01
2.167 5.877582e-02
2.168 3.127659e-01
2.169 4.582681e-01
2.170 5.609825e-01
2.171 6.485617e-01
2.172 6.583043e-01
2.173 5.038278e-01
2.174 1.849299e-01
2.175 -1.873193e-01
2.176 -4.822891e-01
2.177 -6.580544e-01
2.178 -7.679482e-01
2.179 -8.633633e-01
2.180 -9.099087e-01
2.181 -8.162533e-01
2.182 -5.443374e-01
2.183 -1.735978e-01
2.184 1.575607e-01
2.185 3.705033e-01
2.186 4.940773e-01
2.187 5.932269e-01
2.188 6.653591e-01
2.189 6.276260e-01
2.190 4.121063e-01
2.191 5.943065e-02
2.192 -2.987903e-01
2.193 -5.528143e-01
2.194 -6.982619e-01
2.195 -8.010226e-01
2.196 -8.886165e-01
2.197 -8.983724e-01
2.198 -7.439309e-01
2.199 -4.250083e-01
2.200 -5.270458e-02
2.201 2.422034e-01
2.202 4.179818e-01
2.203 5.278238e-01
2.204 6.232865e-01
2.205 6.698236e-01
2.206 5.761620e-01
2.207 3.042274e-01
2.208 -6.648618e-02
2.209 -3.977036e-01
2.210 -6.105892e-01
2.211 -7.341601e-01
2.212 -8.333338e-01
2.213 -9.054919e-01
2.214 -8.677569e-01
2.215 -6.522079e-01
2.216 -2.995546e-01
2.217 5.867450e-02
2.218 3.126848e-01
2.219 4.581871e-01
2.220 5.608842e-01
2.221 6.484936e-01
2.222 6.582349e-01
2.223 5.037723e-01
2.224 1.848909e-01
2.225 -1.873834e-01
2.226 -4.823305e-01
2.227 -6.580794e-01
2.228 -7.679525e-01
2.229 -8.634011e-01
2.230 -9.099785e-01
2.231 -8.163075e-01
2.232 -5.443701e-01
2.233 -1.736633e-01
2.234 1.575565e-01
2.235 3.704798e-01
2.236 4.940628e-01
2.237 5.931952e-01
2.238 6.653647e-01
2.239 6.276115e-01
2.240 4.120861e-01
2.241 5.943854e-02
2.242 -2.988267e-01
2.243 -5.527750e-01
2.244 -6.982696e-01
2.245 -8.010255e-01
2.246 -8.885766e-01
2.247 -8.983360e-01
2.248 -7.438530e-01
2.249 -4.249790e-01
2.250 -5.270111e-02
2.251 2.422501e-01
2.252 4.180083e-01
2.253 5.279000e-01
2.254 6.233654e-01
2.255 6.699075e-01
2.256 5.762354e-01
2.257 3.043337e-01
2.258 -6.646740e-02
2.259 -3.976235e-01
2.260 -6.104999e-01
2.261 -7.340609e-01
2.262 -8.332741e-01
2.263 -9.053962e-01
2.264 -8.676537e-01
2.265 -6.521194e-01
2.266 -2.994520e-01
2.267 5.878526e-02
2.268 3.128123e-01
2.269 4.582904e-01
2.270 5.610013e-01
2.271 6.486187e-01
2.272 6.583684e-01
2.273 5.038928e-01
2.274 1.849930e-01
2.275 -1.872698e-01
2.276 -4.822288e-01
2.277 -6.579589e-01
2.278 -7.678639e-01
2.279 -8.632880e-01
2.280 -9.098596e-01
2.281 -8.161749e-01
2.282 -5.442641e-01
2.283 -1.735592e-01
2.284 1.576617e-01
2.285 3.705977e-01
2.286 4.941411e-01
2.287 5.932947e-01
2.288 6.654336e-01
2.289 6.277237e-01
2.290 4.122115e-01
2.291 5.953705e-02
2.292 -2.987141e-01
2.293 -5.527229e-01
2.294 -6.981883e-01
2.295 -8.009390e-01
2.296 -8.885338e-01
2.297 -8.982337e-01
2.298 -7.437938e-01
2.299 -4.248756e-01
2.300 -5.261464e-02
2.301 2.423495e-01
2.302 4.181167e-01
2.303 5.279900e-01
2.304 6.234081e-01
2.305 6.699680e-01
2.306 5.763054e-01
2.307 3.043784e-01
2.308 -6.634455e-02
2.309 -3.975512e-01
2.310 -6.104567e-01
2.311 -7.340268e-01
2.312 -8.331808e-01
2.313 -9.053306e-01
2.314 -8.676144e-01
2.315 -6.520643e-01
2.316 -2.994115e-01
2.317 5.882757e-02
2.318 3.128648e-01
2.319 4.583123e-01
2.320 5.610341e-01
2.321 6.486639e-01
2.322 6.583307e-01
2.323 5.039285e-01
2.324 1.850082e-01
2.325 -1.872745e-01
2.326 -4.822251e-01
2.327 -6.579530e-01
2.328 -7.678204e-01
2.329 -8.632724e-01
2.330 -9.098324e-01
2.331 -8.161829e-01
2.332 -5.442344e-01
2.333 -1.735097e-01
2.334 1.576775e-01
2.335 3.706344e-01
2.336 4.941693e-01
2.337 5.933405e-01
2.338 6.654724e-01
2.339 6.277538e-01
2.340 4.121941e-01
2.341 5.955274e-02
2.342 -2.986953e-01
2.343 -5.526836e-01
2.344 -6.981760e-01
2.345 -8.008896e-01
2.346 -8.884904e-01
2.347 -8.982654e-01
2.348 -7.437683e-01
2.349 -4.248582e-01
2.350 -5.259699e-02
2.351 2.423575e-01
2.352 4.181367e-01
2.353 5.279864e-01
2.354 6.234502e-01
2.355 6.699800e-01
2.356 5.763137e-01
2.357 3.043991e-01
2.358 -6.632678e-02
2.359 -3.975207e-01
2.360 -6.104554e-01
2.361 -7.339958e-01
2.362 -8.331848e-01
2.363 -9.053155e-01
2.364 -8.675857e-01
2.365 -6.520416e-01
2.366 -2.994168e-01
2.367 5.882706e-02
2.368 3.128542e-01
2.369 4.583287e-01
2.370 5.610776e-01
2.371 6.486612e-01
2.372 6.583872e-01
2.373 5.039288e-01
2.374 1.850486e-01
2.375 -1.872411e-01
2.376 -4.821990e-01
2.377 -6.579471e-01
2.378 -7.678094e-01
2.379 -8.632485e-01
2.380 -9.097999e-01
2.381 -8.161452e-01
2.382 -5.442276e-01
2.383 -1.735119e-01
2.384 1.576622e-01
2.385 3.706211e-01
2.386 4.941583e-01
2.387 5.933523e-01
2.388 6.655010e-01
2.389 6.277453e-01
2.390 4.122329e-01
2.391 5.955874e-02
2.392 -2.987069e-01
2.393 -5.526693e-01
2.394 -6.981384e-01
2.395 -8.008818e-01
2.396 -8.884669e-01
2.397 -8.982182e-01
2.398 -7.437616e-01
2.399 -4.248606e-01
2.400 -5.258217e-02
2.401 2.423828e-01
2.402 4.181092e-01
2.403 5.279890e-01
2.404 6.234258e-01
2.405 6.699879e-01
2.406 5.763226e-01
2.407 3.043950e-01
2.408 -6.629958e-02
2.409 -3.975155e-01
2.410 -6.104500e-01
2.411 -7.340118e-01
2.412 -8.331841e-01
2.413 -9.053342e-01
2.414 -8.675978e-01
2.415 -6.520549e-01
2.416 -2.993823e-01
2.417 5.885409e-02
2.418 3.128526e-01
2.419 4.583292e-01
2.420 5.610656e-01
2.421 6.486733e-01
2.422 6.584113e-01
2.423 5.039565e-01
2.424 1.850281e-01
2.425 -1.872418e-01
2.426 -4.821777e-01
2.427 -6.579587e-01
2.428 -7.678135e-01
2.429 -8.632431e-01
2.430 -9.098251e-01
2.431 -8.161064e-01
2.432 -5.442088e-01
2.433 -1.734762e-01
2.434 1.577138e-01
2.435 3.706164e-01
2.436 4.941809e-01
2.437 5.933683e-01
2.438 6.655009e-01
2.439 6.277851e-01
2.440 4.122084e-01
2.441 5.955048e-02
2.442 -2.986623e-01
2.443 -5.526662e-01
2.444 -6.981550e-01
2.445 -8.008745e-01
2.446 -8.884807e-01
2.447 -8.982113e-01
2.448 -7.437407e-01
2.449 -4.248316e-01
2.450 -5.254623e-02
2.451 2.423819e-01
2.452 4.181297e-01
2.453 5.280090e-01
2.454 6.234422e-01
2.455 6.699644e-01
2.456 5.763168e-01
2.457 3.044228e-01
2.458 -6.630637e-02
2.459 -3.975010e-01
2.460 -6.104198e-01
2.461 -7.340015e-01
2.462 -8.331753e-01
2.463 -9.053148e-01
2.464 -8.675735e-01
2.465 -6.520727e-01
2.466 -2.993735e-01
2.467 5.886390e-02
2.468 3.128397e-01
2.469 4.583468e-01
2.470 5.611076e-01
2.471 6.486942e-01
2.472 6.584178e-01
2.473 5.039514e-01
2.474 1.850561e-01
2.475 -1.872293e-01
2.476 -4.821829e-01
2.477 -6.579265e-01
2.478 -7.678005e-01
2.479 -8.632395e-01
2.480 -9.097790e-01
2.481 -8.161166e-01
2.482 -5.442446e-01
2.483 -1.734795e-01
2.484 1.577273e-01
2.485 3.706170e-01
2.486 4.942088e-01
2.487 5.933751e-01
2.488 6.655246e-01
2.489 6.277612e-01
2.490 4.122378e-01
2.491 5.957978e-02
2.492 -2.986700e-01
2.493 -5.526708e-01
2.494 -6.981223e-01
2.495 -8.008679e-01
2.496 -8.884643e-01
2.497 -8.982114e-01
2.498 -7.437436e-01
2.499 -4.248284e-01
2.500 -5.255766e-02
2.501 2.423859e-01
2.502 4.181492e-01
2.503 5.280108e-01
2.504 6.234663e-01
2.505 6.700348e-01
2.506 5.763543e-01
2.507 3.044337e-01
2.508 -6.633040e-02
2.509 -3.975394e-01
2.510 -6.104314e-01
2.511 -7.339742e-01
2.512 -8.331435e-01
2.513 -9.052795e-01
2.514 -8.675563e-01
2.515 -6.520386e-01
2.516 -2.993448e-01
2.517 5.888215e-02
2.518 3.128783e-01
2.519 4.583457e-01
2.520 5.610746e-01
2.521 6.487028e-01
2.522 6.584310e-01
2.523 5.039462e-01
2.524 1.850653e-01
2.525 -1.872020e-01
2.526 -4.821589e-01
2.527 -6.579175e-01
2.528 -7.677954e-01
2.529 -8.632270e-01
2.530 -9.097969e-01
2.531 -8.161203e-01
2.532 -5.442030e-01
2.533 -1.734673e-01
2.534 1.577429e-01
2.535 3.706120e-01
2.536 4.942202e-01
2.537 5.933879e-01
2.538 6.655266e-01
2.539 6.277715e-01
2.540 4.122531e-01
2.541 5.957422e-02
2.542 -2.986705e-01
2.543 -5.526683e-01
2.544 -6.981274e-01
2.545 -8.008657e-01
2.546 -8.884595e-01
2.547 -8.982268e-01
2.548 -7.437513e-01
2.549 -4.248365e-01
2.550 -5.255375e-02
2.551 2.423799e-01
2.552 4.181243e-01
2.553 5.280144e-01
2.554 6.234846e-01
2.555 6.700045e-01
2.556 5.763584e-01
2.557 3.044318e-01
2.558 -6.630783e-02
2.559 -3.974886e-01
2.560 -6.104279e-01
2.561 -7.339852e-01
2.562 -8.331653e-01
2.563 -9.053025e-01
2.564 -8.675655e-01
2.565 -6.520301e-01
2.566 -2.993676e-01
2.567 5.887521e-02
2.568 3.129056e-01
2.569 4.583623e-01
2.570 5.611090e-01
2.571 6.487124e-01
2.572 6.584508e-01
2.573 5.039798e-01
2.574 1.850810e-01
2.575 -1.872212e-01
2.576 -4.821517e-01
2.577 -6.579385e-01
2.578 -7.677997e-01
2.579 -8.632449e-01
2.580 -9.097683e-01
2.581 -8.161052e-01
2.582 -5.442070e-01
2.583 -1.734541e-01
2.584 1.577510e-01
2.585 3.706557e-01
2.586 4.942153e-01
2.587 5.933906e-01
2.588 6.655193e-01
2.589 6.277658e-01
2.590 4.122824e-01
2.591 5.959749e-02
2.592 -2.986422e-01
2.593 -5.526711e-01
2.594 -6.981470e-01
2.595 -8.008501e-01
2.596 -8.884482e-01
2.597 -8.981709e-01
2.598 -7.437300e-01
2.599 -4.248139e-01
2.600 -5.255977e-02
2.601 2.423812e-01
2.602 4.181695e-01
2.603 5.280306e-01
2.604 6.234859e-01
2.605 6.700191e-01
2.606 5.763587e-01
2.607 3.044200e-01
2.608 -6.628465e-02
2.609 -3.974754e-01
2.610 -6.104343e-01
2.611 -7.339781e-01
2.612 -8.331376e-01
2.613 -9.052871e-01
2.614 -8.675761e-01
2.615 -6.520082e-01
2.616 -2.993493e-01
2.617 5.886505e-02
2.618 3.129103e-01
2.619 4.583540e-01
2.620 5.610877e-01
2.621 6.486979e-01
2.622 6.584405e-01
2.623 5.039543e-01
2.624 1.850277e-01
2.625 -1.872103e-01
2.626 -4.821428e-01
2.627 -6.579126e-01
2.628 -7.677973e-01
2.629 -8.632432e-01
2.630 -9.097858e-01
2.631 -8.161128e-01
2.632 -5.441810e-01
2.633 -1.734720e-01
2.634 1.577367e-01
2.635 3.706219e-01
2.636 4.941969e-01
2.637 5.933671e-01
2.638 6.655019e-01
2.639 6.277896e-01
2.640 4.122264e-01
2.641 5.956920e-02
2.642 -2.986619e-01
2.643 -5.526585e-01
2.644 -6.981473e-01
2.645 -8.009124e-01
2.646 -8.885019e-01
2.647 -8.982264e-01
2.648 -7.437566e-01
2.649 -4.248287e-01
2.650 -5.258580e-02
2.651 2.423718e-01
2.652 4.180972e-01
2.653 5.279824e-01
2.654 6.234508e-01
2.655 6.699549e-01
2.656 5.763098e-01
2.657 3.044158e-01
2.658 -6.634378e-02
2.659 -3.975391e-01
2.660 -6.104785e-01
2.661 -7.340232e-01
2.662 -8.331752e-01
2.663 -9.053331e-01
2.664 -8.675940e-01
2.665 -6.520705e-01
2.666 -2.993738e-01
2.667 5.886082e-02
2.668 3.128525e-01
2.669 4.582843e-01
2.670 5.610592e-01
2.671 6.486640e-01
2.672 6.584146e-01
2.673 5.039325e-01
2.674 1.850386e-01
2.675 -1.872367e-01
2.676 -4.821986e-01
2.677 -6.579061e-01
2.678 -7.678152e-01
2.679 -8.632422e-01
2.680 -9.098169e-01
2.681 -8.161125e-01
2.682 -5.441899e-01
2.683 -1.734936e-01
2.684 1.577254e-01
2.685 3.706476e-01
2.686 4.942019e-01
2.687 5.933996e-01
2.688 6.655246e-01
2.689 6.278131e-01
2.690 4.122435e-01
2.691 5.960876e-02
2.692 -2.986277e-01
2.693 -5.526526e-01
2.694 -6.981238e-01
2.695 -8.008373e-01
2.696 -8.884579e-01
2.697 -8.981864e-01
2.698 -7.437303e-01
2.699 -4.248192e-01
2.700 -5.256206e-02
2.701 2.423961e-01
2.702 4.181519e-01
2.703 5.280491e-01
2.704 6.234732e-01
2.705 6.700135e-01
2.706 5.763609e-01
2.707 3.044472e-01
2.708 -6.627409e-02
2.709 -3.974854e-01
2.710 -6.103729e-01
2.711 -7.339378e-01
2.712 -8.331140e-01
2.713 -9.052623e-01
2.714 -8.675379e-01
2.715 -6.519815e-01
2.716 -2.993699e-01
2.717 5.889845e-02
2.718 3.129382e-01
2.719 4.583720e-01
2.720 5.611128e-01
2.721 6.487193e-01
2.722 6.584483e-01
2.723 5.040071e-01
2.724 1.850904e-01
2.725 -1.871985e-01
2.726 -4.821227e-01
2.727 -6.578828e-01
2.728 -7.677796e-01
2.729 -8.631888e-01
2.730 -9.097665e-01
2.731 -8.160761e-01
2.732 -5.441788e-01
2.733 -1.734467e-01
2.734 1.577872e-01
2.735 3.706855e-01
2.736 4.942217e-01
2.737 5.934130e-01
2.738 6.655277e-01
2.739 6.278451e-01
2.740 4.122797e-01
2.741 5.958930e-02
2.742 -2.986507e-01
2.743 -5.526485e-01
2.744 -6.980895e-01
2.745 -8.008365e-01
2.746 -8.884415e-01
2.747 -8.981868e-01
2.748 -7.437010e-01
2.749 -4.248167e-01
2.750 -5.254841e-02
2.751 2.424041e-01
2.752 4.181620e-01
2.753 5.280497e-01
2.754 6.235037e-01
2.755 6.700405e-01
2.756 5.763534e-01
2.757 3.044433e-01
2.758 -6.629813e-02
2.759 -3.974729e-01
2.760 -6.103843e-01
2.761 -7.339502e-01
2.762 -8.331274e-01
2.763 -9.052804e-01
2.764 -8.675130e-01
2.765 -6.519993e-01
2.766 -2.993207e-01
2.767 5.888909e-02
2.768 3.128949e-01
2.769 4.584044e-01
2.770 5.611159e-01
2.771 6.486957e-01
2.772 6.584453e-01
2.773 5.040113e-01
2.774 1.851024e-01
2.775 -1.871785e-01
2.776 -4.821334e-01
2.777 -6.578908e-01
2.778 -7.677381e-01
2.779 -8.632085e-01
2.780 -9.097584e-01
2.781 -8.161022e-01
2.782 -5.441501e-01
2.783 -1.734499e-01
2.784 1.577697e-01
2.785 3.706696e-01
2.786 4.942725e-01
2.787 5.933945e-01
2.788 6.655469e-01
2.789 6.278034e-01
2.790 4.122466e-01
2.791 5.960379e-02
2.792 -2.986494e-01
2.793 -5.526245e-01
2.794 -6.980989e-01
2.795 -8.008479e-01
2.796 -8.884565e-01
2.797 -8.981682e-01
2.798 -7.436988e-01
2.799 -4.247944e-01
2.800 -5.254102e-02
2.801 2.424052e-01
2.802 4.181799e-01
2.803 5.280654e-01
2.804 6.235253e-01
2.805 6.700506e-01
2.806 5.763907e-01
2.807 3.044588e-01
2.808 -6.621368e-02
2.809 -3.974294e-01
2.810 -6.103597e-01
2.811 -7.339181e-01
2.812 -8.330988e-01
2.813 -9.052294e-01
2.814 -8.674901e-01
2.815 -6.519798e-01
2.816 -2.993199e-01
2.817 5.886643e-02
2.818 3.128201e-01
2.819 4.582404e-01
2.820 5.609466e-01
2.821 6.485250e-01
2.822 6.581899e-01
2.823 5.036781e-01
2.824 1.847543e-01
2.825 -1.875360e-01
2.826 -4.825621e-01
2.827 -6.583674e-01
2.828 -7.682313e-01
2.829 -8.637090e-01
2.830 -9.102431e-01
2.831 -8.165861e-01
2.832 -5.446528e-01
2.833 -1.738842e-01
2.834 1.573331e-01
2.835 3.702973e-01
2.836 4.939073e-01
2.837 5.931274e-01
2.838 6.653161e-01
2.839 6.276002e-01
2.840 4.121118e-01
2.841 5.951591e-02
2.842 -2.986969e-01
2.843 -5.526393e-01
2.844 -6.980837e-01
2.845 -8.008077e-01
2.846 -8.883554e-01
2.847 -8.980676e-01
2.848 -7.435956e-01
2.849 -4.246648e-01
2.850 -5.240951e-02
2.851 2.425709e-01
2.852 4.183157e-01
2.853 5.281826e-01
2.854 6.236512e-01
2.855 6.701688e-01
2.856 5.764616e-01
2.857 3.045459e-01
2.858 -6.620158e-02
2.859 -3.974002e-01
2.860 -6.103363e-01
2.861 -7.338946e-01
2.862 -8.330624e-01
2.863 -9.052271e-01
2.864 -8.675017e-01
2.865 -6.519679e-01
2.866 -2.993301e-01
2.867 5.893193e-02
2.868 3.129024e-01
2.869 4.583909e-01
2.870 5.611205e-01
2.871 6.487235e-01
2.872 6.584903e-01
2.873 5.039952e-01
2.874 1.850983e-01
2.875 -1.871624e-01
2.876 -4.821423e-01
2.877 -6.578856e-01
2.878 -7.677852e-01
2.879 -8.632026e-01
2.880 -9.097646e-01
2.881 -8.160597e-01
2.882 -5.441715e-01
2.883 -1.734508e-01
2.884 1.577463e-01
2.885 3.706736e-01
2.886 4.942634e-01
2.887 5.934048e-01
2.888 6.655444e-01
2.889 6.278263e-01
2.890 4.123001e-01
2.891 5.961819e-02
2.892 -2.986035e-01
2.893 -5.526265e-01
2.894 -6.980805e-01
2.895 -8.008105e-01
2.896 -8.884216e-01
2.897 -8.981565e-01
2.898 -7.437055e-01
2.899 -4.248082e-01
2.900 -5.256027e-02
2.901 2.424266e-01
2.902 4.181890e-01
2.903 5.280397e-01
2.904 6.235016e-01
2.905 6.700517e-01
2.906 5.763827e-01
2.907 3.044706e-01
2.908 -6.623814e-02
2.909 -3.974773e-01
2.910 -6.103950e-01
2.911 -7.339363e-01
2.912 -8.331027e-01
2.913 -9.052480e-01
2.914 -8.675269e-01
2.915 -6.520018e-01
2.916 -2.993241e-01
2.917 5.891061e-02
2.918 3.129262e-01
2.919 4.583844e-01
2.920 5.611203e-01
2.921 6.487255e-01
2.922 6.584804e-01
2.923 5.040156e-01
2.924 1.850941e-01
2.925 -1.871706e-01
2.926 -4.821200e-01
2.927 -6.579151e-01
2.928 -7.677517e-01
2.929 -8.632015e-01
2.930 -9.097354e-01
2.931 -8.160914e-01
2.932 -5.441741e-01
2.933 -1.734359e-01
2.934 1.577631e-01
2.935 3.706680e-01
2.936 4.942457e-01
2.937 5.933972e-01
2.938 6.655688e-01
2.939 6.277963e-01
2.940 4.122810e-01
2.941 5.959974e-02
2.942 -2.986181e-01
2.943 -5.525688e-01
2.944 -6.980883e-01
2.945 -8.008391e-01
2.946 -8.884306e-01
2.947 -8.981659e-01
2.948 -7.436970e-01
2.949 -4.247902e-01
2.950 -5.254875e-02
2.951 2.424247e-01
2.952 4.181846e-01
2.953 5.280670e-01
2.954 6.234714e-01
2.955 6.700281e-01
2.956 5.764168e-01
2.957 3.044676e-01
2.958 -6.626523e-02
2.959 -3.974583e-01
2.960 -6.103931e-01
2.961 -7.339458e-01
2.962 -8.331123e-01
2.963 -9.052555e-01
2.964 -8.675254e-01
2.965 -6.519875e-01
2.966 -2.993087e-01
2.967 5.890468e-02
2.968 3.129200e-01
2.969 4.583490e-01
2.970 5.611320e-01
2.971 6.487121e-01
2.972 6.584554e-01
2.973 5.039906e-01
2.974 1.850769e-01
2.975 -1.871534e-01
2.976 -4.821467e-01
2.977 -6.578839e-01
2.978 -7.677754e-01
2.979 -8.632271e-01
2.980 -9.097749e-01
2.981 -8.160809e-01
2.982 -5.441958e-01
2.983 -1.734650e-01
2.984 1.577606e-01
2.985 3.706833e-01
2.986 4.942305e-01
2.987 5.933833e-01
2.988 6.655454e-01
2.989 6.277903e-01
2.990 4.122605e-01
2.991 5.962032e-02
2.992 -2.986228e-01
2.993 -5.526208e-01
2.994 -6.980924e-01
2.995 -8.008759e-01
2.996 -8.884580e-01
2.997 -8.981974e-01
2.998 -7.437316e-01
2.999 -4.248561e-01
3.000 -5.254658e-02
3.001 2.423838e-01
3.002 4.181658e-01
3.003 5.280129e-01
3.004 6.234658e-01
3.005 6.699933e-01
3.006 5.763285e-01
3.007 3.044405e-01
3.008 -6.631555e-02
3.009 -3.975400e-01
3.010 -6.104343e-01
3.011 -7.339913e-01
3.012 -8.331812e-01
3.013 -9.053138e-01
3.014 -8.675755e-01
3.015 -6.520725e-01
3.016 -2.993982e-01
3.017 5.883976e-02
3.018 3.128750e-01
3.019 4.583025e-01
3.020 5.610480e-01
3.021 6.486468e-01
3.022 6.583469e-01
3.023 5.039278e-01
3.024 1.850255e-01
3.025 -1.872718e-01
3.026 -4.822096e-01
3.027 -6.579929e-01
3.028 -7.678481e-01
3.029 -8.633115e-01
3.030 -9.098314e-01
3.031 -8.161727e-01
3.032 -5.442646e-01
3.033 -1.735720e-01
3.034 1.576745e-01
3.035 3.705831e-01
3.036 4.941255e-01
3.037 5.933023e-01
3.038 6.654412e-01
3.039 6.276820e-01
3.040 4.122055e-01
3.041 5.951236e-02
3.042 -2.987335e-01
3.043 -5.527558e-01
3.044 -6.982253e-01
3.045 -8.009654e-01
3.046 -8.885709e-01
3.047 -8.983193e-01
3.048 -7.438213e-01
3.049 -4.249509e-01
3.050 -5.264671e-02
3.051 2.422850e-01
3.052 4.180611e-01
3.053 5.279137e-01
3.054 6.233671e-01
3.055 6.699214e-01
3.056 5.762546e-01
3.057 3.043403e-01
3.058 -6.637296e-02
3.059 -3.975973e-01
3.060 -6.105060e-01
3.061 -7.340641e-01
3.062 -8.332440e-01
3.063 -9.053709e-01
3.064 -8.676274e-01
3.065 -6.521269e-01
3.066 -2.994458e-01
3.067 5.878579e-02
3.068 3.127927e-01
3.069 4.582995e-01
3.070 5.610124e-01
3.071 6.486193e-01
3.072 6.583746e-01
3.073 5.038887e-01
3.074 1.850162e-01
3.075 -1.872797e-01
3.076 -4.822371e-01
3.077 -6.579566e-01
3.078 -7.678400e-01
3.079 -8.632943e-01
3.080 -9.098299e-01
3.081 -8.161506e-01
3.082 -5.442377e-01
3.083 -1.735253e-01
3.084 1.576909e-01
3.085 3.706200e-01
3.086 4.941894e-01
3.087 5.933658e-01
3.088 6.655118e-01
3.089 6.277762e-01
3.090 4.122237e-01
3.091 5.955590e-02
3.092 -2.986667e-01
3.093 -5.527132e-01
3.094 -6.981501e-01
3.095 -8.008629e-01
3.096 -8.884523e-01
3.097 -8.981848e-01
3.098 -7.437513e-01
3.099 -4.248254e-01
3.100 -5.257523e-02
3.101 2.423681e-01
3.102 4.181370e-01
3.103 5.280291e-01
3.104 6.234730e-01
3.105 6.700107e-01
3.106 5.763599e-01
3.107 3.044202e-01
3.108 -6.627968e-02
3.109 -3.974981e-01
3.110 -6.104218e-01
3.111 -7.339808e-01
3.112 -8.331029e-01
3.113 -9.052610e-01
3.114 -8.675356e-01
3.115 -6.519893e-01
3.116 -2.993429e-01
3.117 5.890285e-02
3.118 3.129277e-01
3.119 4.583588e-01
3.120 5.611115e-01
3.121 6.487261e-01
3.122 6.584678e-01
3.123 5.040040e-01
3.124 1.850891e-01
3.125 -1.871753e-01
3.126 -4.821481e-01
3.127 -6.578961e-01
3.128 -7.677403e-01
3.129 -8.632369e-01
3.130 -9.097468e-01
3.131 -8.160944e-01
3.132 -5.441634e-01
3.133 -1.734377e-01
3.134 1.577525e-01
3.135 3.706884e-01
3.136 4.942416e-01
3.137 5.933862e-01
3.138 6.655442e-01
3.139 6.278205e-01
3.140 4.123041e-01
3.141 5.963694e-02
3.142 -2.986155e-01
3.143 -5.526435e-01
3.144 -6.980875e-01
3.145 -8.008394e-01
3.146 -8.884645e-01
3.147 -8.981590e-01
3.148 -7.437072e-01
3.149 -4.247961e-01
3.150 -5.251382e-02
3.151 2.424203e-01
3.152 4.182006e-01
3.153 5.280704e-01
3.154 6.234895e-01
3.155 6.700458e-01
3.156 5.763522e-01
3.157 3.044506e-01
3.158 -6.626024e-02
3.159 -3.974908e-01
3.160 -6.104030e-01
3.161 -7.339418e-01
3.162 -8.331191e-01
3.163 -9.052634e-01
3.164 -8.675170e-01
3.165 -6.519700e-01
3.166 -2.993074e-01
3.167 5.892504e-02
3.168 3.128956e-01
3.169 4.583829e-01
3.170 5.611271e-01
3.171 6.487179e-01
3.172 6.584532e-01
3.173 5.040043e-01
3.174 1.850970e-01
3.175 -1.871747e-01
3.176 -4.821390e-01
3.177 -6.579194e-01
3.178 -7.677654e-01
3.179 -8.632100e-01
3.180 -9.097555e-01
3.181 -8.161008e-01
3.182 -5.441773e-01
3.183 -1.734403e-01
3.184 1.577481e-01
3.185 3.706695e-01
3.186 4.942492e-01
3.187 5.934056e-01
3.188 6.655473e-01
3.189 6.278233e-01
3.190 4.122674e-01
3.191 5.962773e-02
3.192 -2.986145e-01
3.193 -5.526254e-01
3.194 -6.980807e-01
3.195 -8.007985e-01
3.196 -8.884231e-01
3.197 -8.981999e-01
3.198 -7.436946e-01
3.199 -4.248159e-01
3.200 -5.253591e-02
3.201 2.424045e-01
3.202 4.181739e-01
3.203 5.280488e-01
3.204 6.234919e-01
3.205 6.700385e-01
3.206 5.763933e-01
3.207 3.044465e-01
3.208 -6.626176e-02
3.209 -3.974598e-01
3.210 -6.104106e-01
3.211 -7.339605e-01
3.212 -8.331091e-01
3.213 -9.052899e-01
3.214 -8.674964e-01
3.215 -6.519899e-01
3.216 -2.993246e-01
3.217 5.891893e-02
3.218 3.128944e-01
3.219 4.584014e-01
3.220 5.611330e-01
3.221 6.487134e-01
3.222 6.584468e-01
3.223 5.039914e-01
3.224 1.850977e-01
3.225 -1.871868e-01
3.226 -4.821534e-01
3.227 -6.578953e-01
3.228 -7.677274e-01
3.229 -8.632240e-01
3.230 -9.097586e-01
3.231 -8.160796e-01
3.232 -5.441945e-01
3.233 -1.734458e-01
3.234 1.577474e-01
3.235 3.706942e-01
3.236 4.942532e-01
3.237 5.934109e-01
3.238 6.655308e-01
3.239 6.278140e-01
3.240 4.122647e-01
3.241 5.961792e-02
3.242 -2.986290e-01
3.243 -5.526530e-01
3.244 -6.980907e-01
3.245 -8.008336e-01
3.246 -8.884677e-01
3.247 -8.981681e-01
3.248 -7.437151e-01
3.249 -4.247852e-01
3.250 -5.256174e-02
3.251 2.423512e-01
3.252 4.181658e-01
3.253 5.280200e-01
3.254 6.234814e-01
3.255 6.700425e-01
3.256 5.763757e-01
3.257 3.044654e-01
3.258 -6.626895e-02
3.259 -3.974663e-01
3.260 -6.103833e-01
3.261 -7.339516e-01
3.262 -8.331244e-01
3.263 -9.052673e-01
3.264 -8.675420e-01
3.265 -6.519996e-01
3.266 -2.993051e-01
3.267 5.890067e-02
3.268 3.129024e-01
3.269 4.583916e-01
3.270 5.611236e-01
3.271 6.487139e-01
3.272 6.584186e-01
3.273 5.040052e-01
3.274 1.850769e-01
3.275 -1.871796e-01
3.276 -4.821284e-01
3.277 -6.578733e-01
3.278 -7.677748e-01
3.279 -8.632130e-01
3.280 -9.097201e-01
3.281 -8.160928e-01
3.282 -5.441720e-01
3.283 -1.734410e-01
3.284 1.577554e-01
3.285 3.706641e-01
3.286 4.942219e-01
3.287 5.934056e-01
3.288 6.655530e-01
3.289 6.277730e-01
3.290 4.122562e-01
3.291 5.958867e-02
3.292 -2.986515e-01
3.293 -5.526646e-01
3.294 -6.981194e-01
3.295 -8.008545e-01
3.296 -8.884447e-01
3.297 -8.981815e-01
3.298 -7.437343e-01
3.299 -4.248211e-01
3.300 -5.254369e-02
3.301 2.423985e-01
3.302 4.181714e-01
3.303 5.280459e-01
3.304 6.235038e-01
3.305 6.700226e-01
3.306 5.763548e-01
3.307 3.044672e-01
3.308 -6.630261e-02
3.309 -3.975076e-01
3.310 -6.104044e-01
3.311 -7.339635e-01
3.312 -8.331385e-01
3.313 -9.052751e-01
3.314 -8.675497e-01
3.315 -6.520144e-01
3.316 -2.993172e-01
3.317 5.888372e-02
3.318 3.129010e-01
3.319 4.583643e-01
3.320 5.611269e-01
3.321 6.487133e-01
3.322 6.584350e-01
3.323 5.039979e-01
3.324 1.851002e-01
3.325 -1.871724e-01
3.326 -4.821559e-01
3.327 -6.578925e-01
3.328 -7.677574e-01
3.329 -8.631804e-01
3.330 -9.097747e-01
3.331 -8.160862e-01
3.332 -5.441870e-01
3.333 -1.734656e-01
3.334 1.577236e-01
3.335 3.706466e-01
3.336 4.942327e-01
3.337 5.934120e-01
3.338 6.655025e-01
3.339 6.278111e-01
3.340 4.122827e-01
3.341 5.961442e-02
3.342 -2.986358e-01
3.343 -5.526433e-01
3.344 -6.981156e-01
3.345 -8.008642e-01
3.346 -8.884449e-01
3.347 -8.981843e-01
3.348 -7.437318e-01
3.349 -4.248205e-01
3.350 -5.253090e-02
3.351 2.423834e-01
3.352 4.181424e-01
3.353 5.280406e-01
3.354 6.234857e-01
3.355 6.700232e-01
3.356 5.763532e-01
3.357 3.044480e-01
3.358 -6.630822e-02
3.359 -3.974975e-01
3.360 -6.104024e-01
3.361 -7.339549e-01
3.362 -8.330991e-01
3.363 -9.052878e-01
3.364 -8.675461e-01
3.365 -6.520171e-01
3.366 -2.993494e-01
3.367 5.890678e-02
3.368 3.128877e-01
3.369 4.583494e-01
3.370 5.610856e-01
3.371 6.486875e-01
3.372 6.584398e-01
3.373 5.039833e-01
3.374 1.850554e-01
3.375 -1.872025e-01
3.376 -4.821298e-01
3.377 -6.579122e-01
3.378 -7.677861e-01
3.379 -8.632297e-01
3.380 -9.097540e-01
3.381 -8.161095e-01
3.382 -5.441891e-01
3.383 -1.734485e-01
3.384 1.577180e-01
3.385 3.706600e-01
3.386 4.942307e-01
3.387 5.933869e-01
3.388 6.655355e-01
3.389 6.277762e-01
3.390 4.122622e-01
3.391 5.958615e-02
3.392 -2.986294e-01
3.393 -5.526697e-01
3.394 -6.981188e-01
3.395 -8.008591e-01
3.396 -8.884534e-01
3.397 -8.981850e-01
3.398 -7.436892e-01
3.399 -4.248168e-01
3.400 -5.253545e-02
3.401 2.424050e-01
3.402 4.181550e-01
3.403 5.280320e-01
3.404 6.234832e-01
3.405 6.700354e-01
3.406 5.763477e-01
3.407 3.044573e-01
3.408 -6.628965e-02
3.409 -3.974792e-01
3.410 -6.103883e-01
3.411 -7.339612e-01
3.412 -8.331339e-01
3.413 -9.052791e-01
3.414 -8.675655e-01
3.415 -6.520185e-01
3.416 -2.993786e-01
3.417 5.887605e-02
3.418 3.128733e-01
3.419 4.583588e-01
3.420 5.611039e-01
3.421 6.486972e-01
3.422 6.584249e-01
3.423 5.039711e-01
3.424 1.850590e-01
3.425 -1.871941e-01
3.426 -4.821646e-01
3.427 -6.579192e-01
3.428 -7.678093e-01
3.429 -8.632400e-01
3.430 -9.097919e-01
3.431 -8.161149e-01
3.432 -5.441804e-01
3.433 -1.734585e-01
3.434 1.577307e-01
3.435 3.706398e-01
3.436 4.941912e-01
3.437 5.933644e-01
3.438 6.655435e-01
3.439 6.277897e-01
3.440 4.122371e-01
3.441 5.958305e-02
3.442 -2.986535e-01
3.443 -5.526376e-01
3.444 -6.981277e-01
3.445 -8.008697e-01
3.446 -8.884828e-01
3.447 -8.982117e-01
3.448 -7.437368e-01
3.449 -4.248304e-01
3.450 -5.256526e-02
3.451 2.424171e-01
3.452 4.181567e-01
3.453 5.280201e-01
3.454 6.234875e-01
3.455 6.700158e-01
3.456 5.763279e-01
3.457 3.043998e-01
3.458 -6.631504e-02
3.459 -3.974633e-01
3.460 -6.104388e-01
3.461 -7.339951e-01
3.462 -8.331345e-01
3.463 -9.053052e-01
3.464 -8.675445e-01
3.465 -6.520458e-01
3.466 -2.993931e-01
3.467 5.885560e-02
3.468 3.128686e-01
3.469 4.583450e-01
3.470 5.610470e-01
3.471 6.486678e-01
3.472 6.583919e-01
3.473 5.039359e-01
3.474 1.850190e-01
3.475 -1.872377e-01
3.476 -4.821948e-01
3.477 -6.579832e-01
3.478 -7.678413e-01
3.479 -8.633023e-01
3.480 -9.098457e-01
3.481 -8.161309e-01
3.482 -5.442542e-01
3.483 -1.735339e-01
3.484 1.577021e-01
3.485 3.705942e-01
3.486 4.941662e-01
3.487 5.933439e-01
3.488 6.654497e-01
3.489 6.277322e-01
3.490 4.121929e-01
3.491 5.952822e-02
3.492 -2.987245e-01
3.493 -5.527066e-01
3.494 -6.981770e-01
3.495 -8.009639e-01
3.496 -8.885170e-01
3.497 -8.982775e-01
3.498 -7.438008e-01
3.499 -4.248766e-01
3.500 -5.265395e-02
3.501 2.423377e-01
3.502 4.180842e-01
3.503 5.279830e-01
3.504 6.234288e-01
3.505 6.699773e-01
3.506 5.762748e-01
3.507 3.044105e-01
3.508 -6.635039e-02
3.509 -3.975585e-01
3.510 -6.104625e-01
3.511 -7.340068e-01
3.512 -8.331840e-01
3.513 -9.053138e-01
3.514 -8.675885e-01
3.515 -6.520553e-01
3.516 -2.993553e-01
3.517 5.884331e-02
3.518 3.128426e-01
3.519 4.583234e-01
3.520 5.610762e-01
3.521 6.486858e-01
3.522 6.584043e-01
3.523 5.039379e-01
3.524 1.850458e-01
3.525 -1.872492e-01
3.526 -4.821858e-01
3.527 -6.579402e-01
3.528 -7.678195e-01
3.529 -8.632458e-01
3.530 -9.098063e-01
3.531 -8.161196e-01
3.532 -5.442176e-01
3.533 -1.735031e-01
3.534 1.577111e-01
3.535 3.706145e-01
3.536 4.941723e-01
3.537 5.933825e-01
3.538 6.654970e-01
3.539 6.277763e-01
3.540 4.122136e-01
3.541 5.959924e-02
3.542 -2.986814e-01
3.543 -5.526876e-01
3.544 -6.981514e-01
3.545 -8.008624e-01
3.546 -8.884828e-01
3.547 -8.982433e-01
3.548 -7.437406e-01
3.549 -4.248677e-01
3.550 -5.257060e-02
3.551 2.423761e-01
3.552 4.181167e-01
3.553 5.279941e-01
3.554 6.234668e-01
3.555 6.699718e-01
3.556 5.763187e-01
3.557 3.043752e-01
3.558 -6.632811e-02
3.559 -3.974986e-01
3.560 -6.104436e-01
3.561 -7.339666e-01
3.562 -8.331681e-01
3.563 -9.053031e-01
3.564 -8.675687e-01
3.565 -6.520548e-01
3.566 -2.993794e-01
3.567 5.887269e-02
3.568 3.128553e-01
3.569 4.583245e-01
3.570 5.610735e-01
3.571 6.486537e-01
3.572 6.584180e-01
3.573 5.039591e-01
3.574 1.850534e-01
3.575 -1.872193e-01
3.576 -4.821941e-01
3.577 -6.579339e-01
3.578 -7.678186e-01
3.579 -8.632480e-01
3.580 -9.097791e-01
3.581 -8.161573e-01
3.582 -5.442066e-01
3.583 -1.734864e-01
3.584 1.577200e-01
3.585 3.706455e-01
3.586 4.941672e-01
3.587 5.933609e-01
3.588 6.654755e-01
3.589 6.277588e-01
3.590 4.122225e-01
3.591 5.954354e-02
3.592 -2.986633e-01
3.593 -5.526650e-01
3.594 -6.981487e-01
3.595 -8.008860e-01
3.596 -8.884849e-01
3.597 -8.982123e-01
3.598 -7.437531e-01
3.599 -4.248672e-01
3.600 -5.258455e-02
3.601 2.423647e-01
3.602 4.181212e-01
3.603 5.280018e-01
3.604 6.234388e-01
3.605 6.699641e-01
3.606 5.763307e-01
3.607 3.043909e-01
3.608 -6.631716e-02
3.609 -3.974866e-01
3.610 -6.104583e-01
3.611 -7.340173e-01
3.612 -8.332020e-01
3.613 -9.053148e-01
3.614 -8.675820e-01
3.615 -6.520610e-01
3.616 -2.994033e-01
3.617 5.884341e-02
3.618 3.128312e-01
3.619 4.583240e-01
3.620 5.610526e-01
3.621 6.486598e-01
3.622 6.583788e-01
3.623 5.039627e-01
3.624 1.850570e-01
3.625 -1.872028e-01
3.626 -4.821852e-01
3.627 -6.579538e-01
3.628 -7.678318e-01
3.629 -8.632680e-01
3.630 -9.098144e-01
3.631 -8.161486e-01
3.632 -5.442352e-01
3.633 -1.734932e-01
3.634 1.576918e-01
3.635 3.706177e-01
3.636 4.941813e-01
3.637 5.933677e-01
3.638 6.654931e-01
3.639 6.277765e-01
3.640 4.122527e-01
3.641 5.957801e-02
3.642 -2.986560e-01
3.643 -5.526572e-01
3.644 -6.981456e-01
3.645 -8.008539e-01
3.646 -8.884428e-01
3.647 -8.982080e-01
3.648 -7.437889e-01
3.649 -4.248934e-01
3.650 -5.261522e-02
3.651 2.422460e-01
3.652 4.179910e-01
3.653 5.278599e-01
3.654 6.232464e-01
3.655 6.697373e-01
3.656 5.760082e-01
3.657 3.040764e-01
3.658 -6.669973e-02
3.659 -3.979484e-01
3.660 -6.108837e-01
3.661 -7.344572e-01
3.662 -8.336816e-01
3.663 -9.058334e-01
3.664 -8.680930e-01
3.665 -6.525494e-01
3.666 -2.998680e-01
3.667 5.840031e-02
3.668 3.124382e-01
3.669 4.579822e-01
3.670 5.607322e-01
3.671 6.483665e-01
3.672 6.581315e-01
3.673 5.037225e-01
3.674 1.848753e-01
3.675 -1.873212e-01
3.676 -4.822482e-01
3.677 -6.579764e-01
3.678 -7.678341e-01
3.679 -8.632122e-01
3.680 -9.097241e-01
3.681 -8.160732e-01
3.682 -5.441272e-01
3.683 -1.733652e-01
3.684 1.577983e-01
3.685 3.707375e-01
3.686 4.942852e-01
3.687 5.934506e-01
3.688 6.656130e-01
3.689 6.278439e-01
3.690 4.122727e-01
3.691 5.961075e-02
3.692 -2.986337e-01
3.693 -5.526328e-01
3.694 -6.981138e-01
3.695 -8.008546e-01
3.696 -8.884829e-01
3.697 -8.982357e-01
3.698 -7.437665e-01
3.699 -4.248554e-01
3.700 -5.259946e-02
3.701 2.423683e-01
3.702 4.180982e-01
3.703 5.279715e-01
3.704 6.234362e-01
3.705 6.699755e-01
3.706 5.762822e-01
3.707 3.043676e-01
3.708 -6.635307e-02
3.709 -3.975542e-01
3.710 -6.104691e-01
3.711 -7.340295e-01
3.712 -8.331957e-01
3.713 -9.053690e-01
3.714 -8.675922e-01
3.715 -6.521028e-01
3.716 -2.994202e-01
3.717 5.884836e-02
3.718 3.128161e-01
3.719 4.583296e-01
3.720 5.610526e-01
3.721 6.486302e-01
3.722 6.583994e-01
3.723 5.039278e-01
3.724 1.849952e-01
3.725 -1.872441e-01
3.726 -4.822035e-01
3.727 -6.579654e-01
3.728 -7.678667e-01
3.729 -8.632982e-01
3.730 -9.098261e-01
3.731 -8.161646e-01
3.732 -5.442672e-01
3.733 -1.735211e-01
3.734 1.576618e-01
3.735 3.705898e-01
3.736 4.941428e-01
3.737 5.933118e-01
3.738 6.654739e-01
3.739 6.277352e-01
3.740 4.121924e-01
3.741 5.952331e-02
3.742 -2.987324e-01
3.743 -5.526866e-01
3.744 -6.981843e-01
3.745 -8.009087e-01
3.746 -8.885329e-01
3.747 -8.982584e-01
3.748 -7.437896e-01
3.749 -4.249155e-01
3.750 -5.261497e-02
3.751 2.423226e-01
3.752 4.181037e-01
3.753 5.279629e-01
3.754 6.234189e-01
3.755 6.699826e-01
3.756 5.762827e-01
3.757 3.043858e-01
3.758 -6.636704e-02
3.759 -3.975485e-01
3.760 -6.104909e-01
3.761 -7.340276e-01
3.762 -8.332142e-01
3.763 -9.053460e-01
3.764 -8.676079e-01
3.765 -6.520847e-01
3.766 -2.994267e-01
3.767 5.882592e-02
3.768 3.128410e-01
3.769 4.582862e-01
3.770 5.610241e-01
3.771 6.486435e-01
3.772 6.583533e-01
3.773 5.039092e-01
3.774 1.850081e-01
3.775 -1.872756e-01
3.776 -4.822288e-01
3.777 -6.579717e-01
3.778 -7.678674e-01
3.779 -8.632942e-01
3.780 -9.098359e-01
3.781 -8.161341e-01
3.782 -5.442730e-01
3.783 -1.735287e-01
3.784 1.576496e-01
3.785 3.705867e-01
3.786 4.941541e-01
3.787 5.933111e-01
3.788 6.654359e-01
3.789 6.277384e-01
3.790 4.122053e-01
3.791 5.952812e-02
3.792 -2.987218e-01
3.793 -5.527415e-01
3.794 -6.982034e-01
3.795 -8.009367e-01
3.796 -8.885448e-01
3.797 -8.982864e-01
3.798 -7.438179e-01
3.799 -4.248931e-01
3.800 -5.262667e-02
3.801 2.423035e-01
3.802 4.180764e-01
3.803 5.279599e-01
3.804 6.234101e-01
3.805 6.699315e-01
3.806 5.762813e-01
3.807 3.043388e-01
3.808 -6.636920e-02
3.809 -3.975743e-01
3.810 -6.105155e-01
3.811 -7.340635e-01
3.812 -8.332225e-01
3.813 -9.053839e-01
3.814 -8.676217e-01
3.815 -6.521029e-01
3.816 -2.994550e-01
3.817 5.879852e-02
3.818 3.127958e-01
3.819 4.582522e-01
3.820 5.610167e-01
3.821 6.485982e-01
3.822 6.583380e-01
3.823 5.038379e-01
3.824 1.849380e-01
3.825 -1.873095e-01
3.826 -4.822522e-01
3.827 -6.580414e-01
3.828 -7.678743e-01
3.829 -8.633614e-01
3.830 -9.098797e-01
3.831 -8.162166e-01
3.832 -5.442936e-01
3.833 -1.735917e-01
3.834 1.576188e-01
3.835 3.705275e-01
3.836 4.940954e-01
3.837 5.932737e-01
3.838 6.653958e-01
3.839 6.276707e-01
3.840 4.121051e-01
3.841 5.945322e-02
3.842 -2.988143e-01
3.843 -5.527930e-01
3.844 -6.982627e-01
3.845 -8.010056e-01
3.846 -8.886118e-01
3.847 -8.983575e-01
3.848 -7.438720e-01
3.849 -4.249936e-01
3.850 -5.271505e-02
3.851 2.422470e-01
3.852 4.179840e-01
3.853 5.278610e-01
3.854 6.232874e-01
3.855 6.698673e-01
3.856 5.761675e-01
3.857 3.042250e-01
3.858 -6.644716e-02
3.859 -3.976856e-01
3.860 -6.105988e-01
3.861 -7.341536e-01
3.862 -8.333541e-01
3.863 -9.054744e-01
3.864 -8.677366e-01
3.865 -6.522084e-01
3.866 -2.995511e-01
3.867 5.869481e-02
3.868 3.126648e-01
3.869 4.581819e-01
3.870 5.608849e-01
3.871 6.484840e-01
3.872 6.582305e-01
3.873 5.037829e-01
3.874 1.848532e-01
3.875 -1.874257e-01
3.876 -4.823590e-01
3.877 -6.581420e-01
3.878 -7.679902e-01
3.879 -8.634607e-01
3.880 -9.100019e-01
3.881 -8.163253e-01
3.882 -5.444311e-01
3.883 -1.736702e-01
3.884 1.575262e-01
3.885 3.704139e-01
3.886 4.940077e-01
3.887 5.931608e-01
3.888 6.653122e-01
3.889 6.275541e-01
3.890 4.120314e-01
3.891 5.935175e-02
3.892 -2.988552e-01
3.893 -5.528424e-01
3.894 -6.983871e-01
3.895 -8.010985e-01
3.896 -8.886463e-01
3.897 -8.984169e-01
3.898 -7.439308e-01
3.899 -4.250521e-01
3.900 -5.276601e-02
3.901 2.421803e-01
3.902 4.179642e-01
3.903 5.278390e-01
3.904 6.232135e-01
3.905 6.698234e-01
3.906 5.761505e-01
3.907 3.042271e-01
3.908 -6.647888e-02
3.909 -3.976598e-01
3.910 -6.105899e-01
3.911 -7.341959e-01
3.912 -8.333018e-01
3.913 -9.054705e-01
3.914 -8.677313e-01
3.915 -6.521957e-01
3.916 -2.994977e-01
3.917 5.871236e-02
3.918 3.127057e-01
3.919 4.581988e-01
3.920 5.609311e-01
3.921 6.485358e-01
3.922 6.582894e-01
3.923 5.038198e-01
3.924 1.849209e-01
3.925 -1.873629e-01
3.926 -4.823041e-01
3.927 -6.580432e-01
3.928 -7.679324e-01
3.929 -8.633914e-01
3.930 -9.099089e-01
3.931 -8.162546e-01
3.932 -5.443145e-01
3.933 -1.735844e-01
3.934 1.576101e-01
3.935 3.705298e-01
3.936 4.941009e-01
3.937 5.932277e-01
3.938 6.653852e-01
3.939 6.276209e-01
3.940 4.121334e-01
3.941 5.945579e-02
3.942 -2.987826e-01
3.943 -5.528092e-01
3.944 -6.982401e-01
3.945 -8.009990e-01
3.946 -8.885948e-01
3.947 -8.983251e-01
3.948 -7.438572e-01
3.949 -4.249486e-01
3.950 -5.268797e-02
3.951 2.422513e-01
3.952 4.180354e-01
3.953 5.278976e-01
3.954 6.233416e-01
3.955 6.699141e-01
3.956 5.762306e-01
3.957 3.042882e-01
3.958 -6.640612e-02
3.959 -3.976097e-01
3.960 -6.105273e-01
3.961 -7.340745e-01
3.962 -8.332864e-01
3.963 -9.053953e-01
3.964 -8.676603e-01
3.965 -6.521508e-01
3.966 -2.994866e-01
3.967 5.873793e-02
3.968 3.127673e-01
3.969 4.582973e-01
3.970 5.609708e-01
3.971 6.485776e-01
3.972 6.583223e-01
3.973 5.038707e-01
3.974 1.849487e-01
3.975 -1.872836e-01
3.976 -4.822548e-01
3.977 -6.580343e-01
3.978 -7.679128e-01
3.979 -8.633556e-01
3.980 -9.099005e-01
3.981 -8.162029e-01
3.982 -5.443197e-01
3.983 -1.735829e-01
3.984 1.576385e-01
3.985 3.705189e-01
3.986 4.941127e-01
3.987 5.932651e-01
3.988 6.654124e-01
3.989 6.276612e-01
3.990 4.121530e-01
3.991 5.946095e-02
3.992 -2.987626e-01
3.993 -5.527924e-01
3.994 -6.982361e-01
3.995 -8.010069e-01
3.996 -8.885652e-01
3.997 -8.983394e-01
3.998 -7.438548e-01
3.999 -4.249481e-01
4.000 -5.267964e-02
